4
5
6
51
63
80
95
101
106
107
148
149
157
161
173
175
178
184
193
197
198
204
212
221
233
237
260
273
278
280
291
292
307
313
320
340
367
390
396
397
399
417
424
435
443
458
466
469
470
477
501
504
506
516
525
533
534
539
561
565
569
572
589
606
609
627
643
666
674
679
687
689
695
696
709
720
723
725
726
734
770
776
796
799
806
811
812
826
832
834
859
860
887
891
904
909
918
922
928
949
950
960
961
962
965
969
993
1030
1036
1047
1052
1060
1061
1082
1085
1099
1103
1116
1117
1120
1122
1124
1131
1149
1155
1159
1168
1174
1214
1218
1220
1233
1235
1247
1248
1258
1263
1273
1275
1286
1287
1292
1299
1302
1304
1308
1313
1327
1333
1337
1345
1363
1370
1377
1382
1383
1435
1446
1447
1455
1461
1464
1492
1506
1508
1514
1521
1526
1529
1532
1546
1547
1550
1551
1593
1602
1606
1607
1612
1614
1635
1660
1663
1678
1681
1686
1693
1696
1703
1707
1711
1712
1715
1724
1731
1747
1761
1763
1788
1798
1799
1803
1810
1815
1819
1832
1851
1857
1861
1862
1865
1870
1871
1881
1883
1887
1890
1900
1905
1910
1913
1914
1915
1998
2000
2011
2015
2035
2039
2053
2063
2069
2077
2093
2096
2103
2108
2119
2130
2139
2149
2194
2208
2214
2215
2221
2225
2227
2229
2231
2237
2260
2270
2279
2282
2283
2285
2289
2291
2296
2321
2325
2331
2332
2338
2349
2368
2377
2381
2391
2396
2400
2404
2427
2433
2439
2528
2532
2539
2542
2546
2555
2580
2581
2584
2586
2598
2618
2622
2629
2640
2647
2650
2652
2653
2659
2671
2673
2676
2677
2678
2683
2684
2688
2690
2693
2694
2699
2729
2730
2739
2741
2746
2749
2766
2767
2772
2777
2782
2788
2790
2792
2797
2805
2819
2830
2831
2832
2835
2849
2860
2862
2869
2872
2874
2877
2879
2888
2896
2905
2910
2934
2952
2955
2957
2960
2962
2971
3009
3015
3022
3025
3028
3033
3037
3039
3046
3059
3061
3065
3069
3075
3082
3103
3107
3109
3114
3119
3146
3149
3155
3157
3159
3163
3167
3174
3179
3184
3187
3189
3192
3198
3200
3210
3214
3215
3216
3217
3219
3221
3224
3229
3242
3252
3257
3269
3294
3304
3308
3321
3323
3327
3328
3329
3331
3349
3355
3362
3368
3400
3421
3431
3433
3435
3440
3444
3446
3451
3456
3459
3463
3465
3466
3468
3477
3479
3482
3486
3492
3497
3502
3510
3519
3549
3556
3557
3564
3569
3574
3581
3588
3592
3598
3607
3616
3632
3671
3673
3678
3686
3692
3698
3707
3708
3720
3730
3733
3746
3757
3764
3768
3778
3785
3787
3798
3808
3810
3813
3823
3826
3834
3846
3857
3869
3874
3886
3891
3895
3903
3907
3914
3918
3924
3941
3945
3952
3956
3974
3979
3982
3988
3993
3998
4002
4009
4012
4026
4027
4033
4038
4043
4047
4104
4115
4117
4120
4129
4132
4133
4136
4141
4151
4154
4157
4162
4165
4178
4183
4187
4195
4199
4206
4212
4215
4221
4225
4226
4233
4242
4243
4254
4260
4277
4279
4308
4311
4316
4321
4326
4332
4339
4340
4348
4353
4363
4365
4368
4372
4376
4379
4383
4388
4404
4410
4413
4422
4427
4431
4432
4437
4472
4482
4506
4513
4514
4520
4529
4531
4534
4541
4546
4548
4550
4554
4559
4561
4565
4574
4582
4589
4597
4605
4616
4632
4640
4650
4653
4673
4676
4686
4688
4692
4695
4703
4704
4711
4718
4723
4734
4735
4740
4764
4773
4777
4788
4789
4796
4805
4810
4813
4814
4816
4821
4822
4835
4837
4846
4850
4858
4871
4882
4890
4897
4908
4909
4917
4925
4931
4944
4950
4963
4971
4979
4982
4987
4992
5000
5006
5007
5009
5012
5020
5029
5042
5062
5064
5068
5072
5073
5077
5079
5092
5106
5113
5114
5129
5131
5134
5135
5138
5143
5152
5154
5165
5180
5188
5192
5207
5211
5223
5231
5233
5235
5239
5246
5248
5252
5265
5268
5276
5280
5293
5301
5303
5304
5317
5320
5325
5329
5339
5348
5350
5352
5361
5377
5378
5388
5396
5404
5420
5424
5426
5430
5435
5446
5452
5456
5461
5465
5472
5474
5484
5485
5491
5494
5498
5501
5511
5512
5541
5542
5552
5556
5560
5569
5574
5581
5586
5596
5611
5617
5629
5640
5642
5644
5648
5650
5653
5669
5689
5699
5710
5718
5719
5722
5724
5729
5732
5735
5737
5743
5747
5748
5753
5758
5760
5767
5774
5788
5797
5801
5806
5812
5816
5818
5829
5844
5851
5859
5868
5870
5873
5882
5885
5898
5903
5905
5919
5923
5928
5932
5954
5959
5971
5980
5985
6022
6037
6050
6051
6056
6057
6062
6066
6071
6077
6101
6102
6111
6112
6114
6117
6121
6122
6148
6151
6154
6164
6173
6176
6185
6191
6197
6198
6199
6201
6206
6211
6213
6215
6219
6241
6253
6269
6281
6286
6287
6293
6294
6304
6309
6326
6329
6330
6331
6333
6339
6351
6362
6368
6373
6381
6387
6394
6395
6396
6401
6411
6414
6458
6469
6478
6494
6495
6509
6518
6522
6525
6529
6533
6539
6544
6547
6549
6551
6556
6562
6570
6572
6577
6586
6594
6597
6608
6622
6627
6631
6632
6634
6635
6648
6649
6654
6656
6661
6663
6665
6675
6679
6682
6687
6689
6695
6697
6698
6700
6703
6707
6709
6712
6714
6727
6732
6738
6746
6761
6771
6776
6792
6795
6799
6811
6827
6838
6843
6850
6851
6852
6853
6865
6867
6875
6883
6891
6897
6899
6919
6934
6935
6938
6940
6953
6959
6962
6968
6979
6986
6992
6993
7019
7021
7031
7041
7052
7062
7065
7069
7072
7077
7081
7105
7110
7115
7118
7121
7129
7137
7141
7148
7149
7150
7154
7177
7206
7211
7225
7227
7232
7340
7556
7593
7689
7690
7691
7698
7707
7712
7719
7727
7728
7755
7800
7806
7815
7825
7831
7832
7841
7851
7860
7862
7864
7873
7881
7898
7905
7906
7908
7911
7912
7917
7918
7922
7938
7955
7960
7966
7968
7969
7970
7971
7977
7980
7982
7984
7985
7988
7989
7991
7995
7996
7997
7998
8000
8003
8006
8008
8020
8030
8035
8039
8042
8046
8051
8052
8056
8057
8062
8075
8080
8086
8107
8108
8111
8113
8117
8122
8124
8131
8139
8141
8148
8155
8163
8170
8173
8175
8176
8179
8192
8198
8201
8202
8204
8207
8212
8216
8218
8231
8237
8240
8247
8248
8253
8278
8286
8291
8298
8301
8306
8309
8319
8328
8335
8336
8342
8343
8344
8347
8383
8392
8421
8456
8463
8465
8466
8467
8468
8469
8472
8478
8482
8483
8484
8485
8486
8497
8500
8501
8502
8503
8505
8506
8507
8509
8522
8532
8535
8536
8540
8541
8543
8546
8547
8550
8551
8553
8554
8560
8562
8563
8564
8582
8590
8610
8615
8631
8636
8639
8642
8644
8647
8660
8661
8667
8676
8680
8681
8696
8699
8705
8710
8717
8721
8724
8737
8744
8754
8760
8764
8771
8784
8794
8802
8803
8806
8807
8808
8811
8812
8821
8827
8845
8851
8858
8874
8878
8889
8899
8907
8914
8929
8951
8964
8969
8975
8985
8986
8988
8999
9002
9014
9016
9020
9023
9029
9033
9039
9042
9043
9047
9051
9064
9068
9074
9075
9083
9090
9103
9117
9136
9144
9147
9154
9158
9172
9184
9187
9190
9198
9201
9202
9206
9210
9230
9242
9251
9264
9275
9277
9281
9285
9288
9298
9301
9303
9315
9316
9320
9321
9324
9328
9330
9331
9335
9348
9349
9355
9357
9393
9396
9398
9399
9403
9407
9410
9414
9416
9418
9423
9431
9434
9439
9443
9445
9448
9451
9458
9461
9462
9469
9476
9479
9494
9500
9502
9505
9507
9519
9528
9552
9557
9560
9566
9573
9580
9586
9594
9596
9597
9599
9603
9606
9609
9610
9616
9618
9620
9630
9640
9646
9647
9650
9651
9652
9660
9661
9665
9678
9683
9684
9686
9693
9697
9706
9707
9710
9711
9714
9715
9716
9717
9719
9736
9740
9741
9743
9745
9747
9753
9754
9759
9770
9773
9775
9777
9778
9782
9789
9793
9794
9799
9804
9805
9810
9813
9817
9820
9826
9829
9830
9833
9835
9842
9846
9854
9858
9864
9888
9893
9896
9900
9901
9909
9925
9956
9960
9961
9964
9975
9979
9981
9986
9988
9989
9994
9999
10006
10009
10010
10013
10014
10019
10025
10028
10029
10105
10135
10163
10169
10174
10179
10183
10188
10189
10191
10198
10201
10204
10208
10213
10221
10223
10224
10225
10236
10239
10242
10245
10251
10256
10263
10267
10309
10320
10330
10337
10340
10342
10345
10351
10356
10368
10381
10391
10392
10399
10402
10409
10423
10456
10458
10461
10496
10512
10515
10521
10523
10529
10548
10554
10556
10560
10561
10574
10577
10579
10586
10600
10602
10616
10618
10626
10628
10629
10632
10637
10640
10662
10664
10666
10670
10677
10687
10688
10696
10698
10702
10710
10712
10716
10721
10724
10726
10739
10745
10748
10749
10752
10773
10779
10797
10798
10800
10808
10829
10843
10844
10845
10858
10864
10869
10873
10875
10882
10886
10888
10895
10899
10900
10901
10911
10919
10928
10941
10949
10957
10990
10993
10999
11002
11007
11017
11020
11026
11027
11029
11033
11042
11045
11048
11050
11055
11062
11074
11083
11085
11111
11118
11143
11144
11145
11149
11150
11152
11166
11172
11178
11188
11195
11198
11202
11209
11210
11214
11222
11223
11226
11232
11239
11243
11245
11247
11248
11252
11255
11257
11262
11265
11275
11278
11284
11305
11324
11325
11333
11374
11379
11384
11394
11395
11400
11401
11405
11407
11433
11443
11463
11468
11474
11486
11498
11499
11502
11508
11514
11517
11530
11533
11545
11551
11559
11570
11575
11584
11586
11593
11615
11631
11633
11636
11642
11648
11662
11665
11730
11737
11750
11753
11767
11773
11778
11782
11785
11795
11797
11798
11799
11809
11814
11821
11831
11833
11839
11847
11859
11881
11891
11896
11902
11907
11917
11921
11928
11931
11936
11945
11948
12050
12052
12056
12059
12062
12063
12069
12071
12075
12078
12090
12096
12100
12110
12117
12126
12132
12139
12159
12163
12186
12190
12194
12203
12207
12212
12219
12222
12226
12229
12240
12260
12264
12265
12298
12309
12312
12319
12321
12338
12347
12350
12353
12355
12360
12362
12364
12396
12401
12410
12411
12420
12422
12436
12444
12445
12451
12457
12459
12463
12466
12467
12470
12473
12488
12501
12508
12513
12519
12520
12530
12540
12543
12580
12586
12603
12619
12623
12633
12634
12636
12638
12645
12648
12650
12651
12675
12682
12685
12689
12698
12702
12710
12719
12731
12747
12755
12764
12766
12777
12788
12793
12806
12809
12822
12863
12866
12868
12870
12872
12877
12878
12892
12893
12910
12916
12928
12939
12947
12951
12954
12957
12964
12967
12979
12982
12985
12996
13000
13005
13012
13023
13030
13038
13039
13042
13063
13067
13081
13090
13092
13095
13100
13104
13112
13121
13126
13128
13145
13147
13153
13167
13187
13197
13203
13223
13231
13234
13236
13245
13247
13255
13275
13283
13289
13296
13299
13300
13301
13302
13306
13308
13326
13333
13337
13362
13368
13385
13399
13403
13415
13422
13425
13434
13438
13452
13460
13463
13467
13474
13487
13490
13491
13509
13538
13556
13567
13570
13582
13600
13604
13622
13641
13644
13654
13660
13668
13674
13678
13680
13681
13688
13696
13697
13753
13758
13764
13767
13768
13770
13782
13784
13789
13796
13801
13816
13818
13821
13830
13831
13834
13836
13837
13838
13842
13847
13848
13853
13856
13861
13864
13865
13868
13873
13877
13883
13887
13889
13890
13891
13899
13901
13903
13915
13916
13923
13933
13935
13940
13942
13943
13944
13946
13952
13959
13961
13964
13976
13980
13992
13994
13997
14002
14012
14020
14031
14034
14045
14048
14059
14077
14128
14140
14150
14155
14156
14169
14199
14201
14208
14210
14212
14227
14231
14257
14261
14263
14265
14269
14273
14276
14288
14295
14301
14319
14337
14342
14350
14355
14357
14358
14360
14364
14369
14370
14377
14387
14392
14395
14398
14407
14411
14413
14424
14428
14436
14449
14463
14466
14469
14473
14479
14490
14494
14498
14500
14502
14506
14508
14516
14568
14570
14575
14587
14591
14606
14609
14614
14621
14624
14635
14636
14638
14639
14640
14643
14655
14661
14666
14672
14678
14695
14701
14713
14714
14717
14732
14735
14745
14746
14751
14755
14756
14757
14758
14773
14774
14775
14776
14780
14782
14794
14796
14804
14815
14816
14824
14825
14830
14831
14834
14835
14836
14840
14846
14850
14861
14868
14874
14878
14892
14905
14908
14918
14921
14926
14935
14939
14945
14948
14963
14967
14972
14975
14980
14981
14986
14989
14995
15001
15003
15005
15007
15008
15009
15012
15016
15017
15020
15021
15022
15024
15026
15029
15032
15038
15039
15043
15052
15059
15062
15067
15076
15082
15088
15093
15096
15100
15110
15117
15125
15130
15141
15148
15158
15161
15168
15172
15178
15179
15180
15181
15193
15194
15199
15207
15211
15212
15218
15219
15227
15228
15229
15246
15255
15260
15267
15275
15281
15286
15289
15308
15319
15325
15326
15329
15343
15358
15360
15364
15378
15386
15390
15399
15402
15406
15428
15431
15436
15438
15445
15484
15493
15499
15511
15513
15518
15524
15531
15541
15542
15545
15549
15551
15552
15553
15572
15581
15594
15601
15604
15607
15610
15615
15616
15631
15634
15640
15641
15645
15646
15647
15652
15661
15665
15675
15686
15690
15691
15708
15715
15730
15733
15734
15742
15745
15746
15752
15759
15771
15779
15793
15798
15830
15837
15846
15856
15868
15869
15870
15873
15891
15903
15906
15918
15919
15925
15944
15947
15959
15960
15961
15973
15978
15979
15989
15990
16001
16006
16022
16032
16034
16035
16039
16053
16055
16065
16072
16073
16081
16082
16083
16084
16087
16102
16108
16112
16117
16118
16122
16137
16147
16155
16162
16170
16173
16182
16185
16188
16201
16205
16250
16257
16262
16267
16272
16275
16278
16302
16311
16314
16316
16317
16322
16326
16328
16331
16337
16359
16491
16492
16497
16505
16519
16534
16537
16542
16545
16547
16552
16553
16560
16571
16573
16578
16583
16588
16594
16600
16601
16605
16623
16624
16643
16650
16687
16699
16718
16729
16740
16746
16751
16753
16760
16763
16770
16771
16784
16811
16818
16828
16836
16849
16857
16862
16876
16890
16891
16895
16909
16927
16952
16971
17002
17003
17015
17024
17030
17032
17042
17055
17059
17093
17099
17104
17114
17124
17136
17138
17142
17149
17157
17174
17184
17185
17197
17201
17216
17222
17228
17235
17240
17250
17252
17261
17266
17270
17279
17280
17284
17285
17286
17298
17300
17318
17329
17331
17346
17352
17360
17374
17381
17383
17385
17390
17398
17400
17404
17415
17428
17435
17442
17450
17453
17464
17470
17476
17479
17482
17487
17488
17489
17492
17495
17509
17518
17523
17535
17537
17555
17565
17567
17569
17570
17571
17579
17585
17588
17604
17605
17606
17610
17612
17621
17623
17629
17630
17634
17637
17640
17645
17652
17657
17673
17678
17682
17695
17703
17709
17724
17731
17740
17744
17755
17759
17761
17771
17800
17806
17816
17827
17829
17831
17849
17861
17868
17878
17882
17884
17891
17897
17898
17905
17911
17916
17922
17923
17924
17925
17929
17934
17937
17947
17951
17954
17957
17960
17962
17964
17982
17990
18004
18046
18050
18060
18075
18077
18080
18104
18116
18122
18131
18134
18140
18172
18180
18203
18209
18213
18215
18217
18219
18226
18236
18238
18239
18240
18280
18283
18288
18292
18295
18299
18312
18344
18348
18352
18354
18357
18359
18361
18365
18370
18372
18375
18400
18402
18420
18421
18423
18433
18461
18467
18474
18483
18489
18490
18532
18536
18538
18541
18551
18556
18561
18564
18565
18569
18589
18600
18606
18608
18613
18619
18626
18634
18636
18637
18647
18652
18656
18660
18662
18665
18666
18678
18696
18698
18700
18701
18702
18709
18716
18727
18729
18737
18745
18774
18785
18788
18809
18830
18842
18854
18868
18874
18880
18895
18897
18904
18907
18910
18912
18917
18921
18928
18945
18947
18948
18950
18965
18982
18986
18991
19010
19018
19023
19037
19063
19068
19069
19096
19098
19108
19117
19127
19129
19134
19147
19154
19155
19162
19170
19176
19177
19180
19181
19186
19191
19195
19198
19214
19225
19227
19234
19238
19243
19267
19282
19285
19295
19309
19313
19319
19329
19334
19340
19343
19346
19349
19359
19364
19371
19403
19408
19411
19431
19441
19453
19456
19460
19464
19465
19470
19477
19491
19492
19501
19504
19514
19518
19522
19523
19534
19541
19552
19555
19560
19564
19572
19575
19576
19579
19594
19607
19617
19625
19632
19646
19647
19658
19668
19689
19698
19700
19710
19719
19748
19759
19761
19770
19776
19787
19802
19805
19808
19823
19849
19866
19876
19885
19899
19906
19931
19932
19936
19944
19948
19951
19958
19968
19971
19972
19974
19976
19977
20003
20024
20027
20032
20037
20040
20049
20050
20065
20074
20089
20091
20092
20100
20103
20109
20113
20122
20127
20140
20144
20156
20158
20168
20171
20176
20183
20187
20197
20203
20206
20207
20210
20228
20232
20235
20239
20240
20245
20254
20261
20267
20271
20281
20285
20288
20294
20298
20310
20311
20313
20317
20318
20326
20327
20333
20339
20343
20352
20355
20359
20361
20362
20370
20373
20400
20417
20425
20432
20458
20468
20472
20479
20486
20496
20509
20510
20513
20515
20517
20521
20541
20543
20551
20554
20558
20564
20566
20605
20613
20616
20628
20664
20675
20676
20679
20681
20686
20691
20707
20708
20712
20720
20739
20763
20766
20769
20772
20776
20778
20789
20796
20797
20798
20803
20814
20868
20878
20906
20925
20933
20935
20943
20945
20948
20964
20966
20967
20981
20986
21003
21007
21011
21013
21017
21020
21031
21040
21048
21051
21054
21059
21060
21064
21069
21071
21077
21079
21092
21095
21098
21102
21106
21128
21134
21142
21149
21167
21171
21185
21187
21189
21190
21192
21194
21203
21212
21222
21229
21235
21237
21238
21239
21245
21247
21250
21254
21260
21262
21267
21275
21279
21288
21349
21351
21353
21362
21365
21387
21430
21440
21441
21458
21463
21469
21470
21478
21494
21506
21515
21517
21522
21525
21534
21536
21547
21551
21569
21575
21580
21584
21585
21594
21598
21603
21605
21612
21632
21653
21660
21661
21662
21674
21682
21693
21710
21764
21768
21781
21789
21822
21823
21826
21829
21831
21841
21851
21854
21855
21857
21866
21868
21884
21885
21889
21898
21913
21914
21915
21923
21924
21928
21932
21952
21958
21964
21992
22027
22033
22057
22064
22079
22080
22085
22089
22102
22106
22111
22126
22138
22146
22156
22160
22166
22174
22179
22182
22185
22190
22207
22216
22227
22244
22267
22268
22284
22285
22287
22291
22295
22298
22301
22309
22313
22317
22328
22336
22338
22341
22346
22349
22350
22365
22366
22382
22394
22401
22408
22420
22426
22432
22440
22446
22452
22459
22462
22464
22467
22471
22475
22476
22478
22489
22499
22522
22527
22528
22534
22538
22545
22549
22557
22560
22591
22602
22608
22609
22613
22622
22631
22634
22642
22646
22653
22662
22665
22669
22672
22681
22685
22707
22714
22730
22733
22735
22736
22743
22744
22745
22750
22761
22765
22766
22772
22776
22784
22790
22791
22807
22822
22824
22828
22836
22847
22856
22867
22879
22880
22883
22887
22888
22898
22901
22902
22910
22916
22935
22940
22942
22956
22961
22962
22967
22977
22978
22979
22980
23013
23050
23060
23066
23067
23069
23072
23083
23085
23087
23093
23102
23131
23135
23141
23142
23154
23158
23175
23177
23182
23190
23194
23206
23214
23215
23216
23228
23243
23257
23267
23271
23286
23305
23316
23323
23332
23339
23348
23349
23352
23357
23360
23373
23381
23383
23384
23399
23409
23414
23418
23424
23425
23426
23429
23432
23437
23441
23444
23448
23454
23455
23463
23476
23480
23485
23494
23500
23513
23520
23521
23528
23529
23542
23564
23570
23575
23578
23580
23586
23592
23600
23604
23614
23618
23622
23623
23629
23633
23634
23636
23648
23654
23660
23679
23680
23692
23693
23695
23709
23711
23714
23715
23720
23726
23731
23734
23735
23738
23739
23745
23747
23760
23764
23765
23768
23772
23774
23776
23782
23784
23786
23792
23819
23823
23825
23828
23831
23833
23834
23842
23857
23862
23872
23884
23892
23898
23904
23908
23909
23916
23927
23932
23942
23946
23948
23959
23967
23970
23976
23981
23985
23989
23999
24000
24003
24008
24021
24035
24041
24045
24047
24050
24062
24064
24070
24089
24101
24110
24118
24122
24127
24130
24133
24149
24160
24163
24166
24173
24177
24178
24180
24183
24185
24195
24203
24206
24207
24218
24221
24222
24228
24236
24253
24264
24269
24272
24274
24288
24291
24298
24308
24310
24311
24315
24318
24321
24325
24338
24340
24344
24347
24351
24363
24370
24389
24411
24418
24419
24421
24435
24438
24443
24444
24448
24450
24461
24471
24480
24492
24494
24496
24507
24511
24514
24520
24523
24531
24534
24547
24566
24571
24580
24581
24599
24603
24634
24639
24653
24655
24657
24666
24682
24687
24704
24710
24723
24730
24735
24737
24744
24751
24752
24757
24768
24770
24778
24780
24785
24788
24794
24795
24796
24800
24801
24804
24806
24807
24808
24824
24826
24831
24837
24841
24857
24861
24867
24882
24885
24888
24891
24899
24901
24902
24904
24910
24911
24915
24917
24932
24948
24964
24965
24966
24969
24971
24976
24986
24996
25012
25015
25023
25028
25033
25036
25037
25039
25064
25320
25346
25349
25351
25356
25360
25363
25368
25372
25376
25382
25386
25387
25391
25395
25398
25402
25403
25404
25413
25431
25450
25454
25476
25480
25493
25495
25498
25500
25501
25525
25530
25531
25538
25542
25551
25566
25571
25586
25591
25598
25609
25614
25615
25632
25647
25655
25656
25676
25686
25697
25709
25714
25724
25728
25741
25749
25755
25757
25760
25763
25777
25784
25792
25794
25798
25804
25818
25827
25832
25839
25855
25857
25875
25879
25894
25903
25920
25935
25946
25999
26007
26029
26054
26074
26080
26087
26105
26110
26115
26119
26129
26135
26136
26137
26138
26161
26181
26188
26197
26203
26237
26238
26257
26260
26261
26264
26266
26277
26283
26292
26297
26298
26305
26306
26317
26334
26347
26372
26378
26394
26402
26409
26431
26434
26436
26442
26443
26444
26447
26449
26454
26460
26461
26466
26474
26480
26489
26498
26500
26505
26511
26538
26568
26570
26590
26599
26614
26616
26617
26620
26622
26635
26646
26648
26651
26656
26658
26672
26673
26681
26694
26712
26715
26720
26721
26743
26752
26755
26761
26770
26777
26781
26786
26794
26804
26805
26810
26823
26826
26832
26839
26848
26861
26862
26885
26886
26892
26903
26905
26910
26922
26924
26925
26943
26948
26962
26969
26981
26989
27011
27023
27032
27033
27038
27041
27044
27045
27048
27053
27064
27076
27079
27094
27095
27111
27118
27120
27121
27125
27138
27142
27154
27159
27164
27167
27179
27185
27193
27196
27197
27201
27204
27216
27235
27241
27257
27262
27265
27273
27289
27292
27298
27333
27336
27340
27350
27354
27359
27367
27376
27377
27380
27389
27394
27406
27407
27412
27427
27429
27441
27442
27445
27452
27454
27456
27461
27477
27495
27505
27512
27516
27517
27523
27534
27538
27542
27544
27545
27551
27562
27566
27568
27590
27593
27602
27614
27618
27630
27635
27641
27647
27655
27656
27660
27669
27672
27680
27684
27699
27702
27709
27714
27722
27727
27735
27736
27740
27744
27748
27749
27751
27752
27753
27755
27757
27759
27760
27761
27762
27765
27767
27770
27771
27779
27787
27788
27792
27804
27814
27816
27822
27835
27840
27845
27859
27866
27888
27891
27894
27901
27912
27914
27915
27916
27917
27927
27929
27930
27931
27933
27935
27937
27938
27948
27949
27960
27972
27980
27986
27988
27989
27993
27996
28005
28009
28013
28017
28031
28050
28057
28058
28065
28068
28069
28075
28078
28126
28134
28159
28164
28166
28174
28185
28191
28199
28201
28208
28210
28215
28219
28229
28233
28237
28239
28253
28256
28263
28265
28277
28283
28286
28295
28305
28311
28315
28339
28345
28346
28382
28384
28388
28403
28408
28418
28421
28423
28461
28465
28468
28470
28477
28498
28513
28515
28528
28531
28534
28535
28538
28542
28543
28556
28558
28561
28563
28580
28589
28601
28605
28612
28617
28628
28639
28660
28664
28669
28675
28676
28680
28683
28688
28694
28699
28703
28712
28714
28720
28723
28730
28735
28761
28762
28765
28774
28777
28778
28780
28782
28787
28791
28797
28805
28807
28822
28824
28831
28860
28864
28877
28878
28889
28896
28902
28907
28910
28921
28934
28940
28942
28944
28957
28960
28967
28972
28985
28988
28990
28994
29002
29012
29016
29021
29028
29031
29035
29043
29048
29056
29062
29070
29078
29080
29081
29085
29089
29095
29111
29119
29132
29136
29175
29178
29182
29189
29191
29198
29206
29211
29215
29219
29222
29228
29231
29237
29240
29245
29246
29252
29257
29258
29263
29271
29279
29280
29298
29309
29315
29318
29320
29325
29330
29334
29337
29340
29341
29343
29350
29353
29358
29367
29373
29379
29393
29424
29441
29446
29457
29473
29477
29483
29485
29487
29495
29501
29505
29508
29509
29510
29511
29520
29522
29527
29532
29538
29558
29562
29568
29579
29587
29589
29590
29611
29627
29628
29630
29633
29635
29638
29652
29666
29670
29671
29675
29689
29694
29697
29698
29708
29725
29731
29732
29736
29742
29755
29759
29774
29780
29787
29791
29795
29801
29808
29877
29878
29882
29886
29902
29908
29922
29925
29941
29950
29952
29958
29965
29966
29968
29974
29978
29984
29992
30000
30001
30014
30025
30040
30056
30060
30066
30067
30071
30077
30078
30088
30094
30099
30116
30125
30126
30136
30140
30147
30153
30156
30159
30167
30175
30180
30183
30186
30195
30198
30199
30209
30213
30236
30299
30329
30335
30338
30343
30350
30358
30363
30372
30400
30404
30407
30409
30410
30411
30414
30428
30453
30454
30461
30469
30470
30471
30482
30487
30509
30510
30515
30522
30524
30531
30549
30565
30570
30573
30577
30582
30592
30598
30603
30607
30617
30630
30631
30660
30667
30676
30681
30685
30693
30695
30706
30709
30712
30727
30754
30767
30775
30778
30791
30805
30809
30828
30837
30847
30854
30855
30860
30864
30868
30871
30876
30888
30914
30921
30925
30928
30935
30940
30947
30952
30959
30963
30965
30970
30972
30973
30982
30994
31001
31003
31009
31015
31020
31028
31030
31033
31048
31059
31066
31071
31074
31076
31077
31083
31085
31087
31090
31094
31097
31098
31099
31106
31124
31134
31135
31141
31148
31151
31162
31170
31198
31199
31205
31208
31223
31225
31226
31230
31238
31245
31247
31255
31256
31282
31288
31293
31302
31310
31311
31315
31322
31324
31327
31332
31339
31357
31363
31369
31376
31377
31386
31389
31395
31410
31417
31418
31437
31444
31448
31457
31464
31468
31470
31476
31484
31487
31491
31497
31501
31504
31508
31509
31511
31513
31514
31535
31541
31542
31558
31565
31568
31576
31586
31598
31604
31608
31609
31632
31633
31636
31643
31658
31660
31664
31672
31676
31679
31684
31697
31711
31725
31729
31739
31742
31743
31761
31767
31780
31783
31791
31810
31812
31818
31824
31829
31833
31840
31844
31869
31871
31873
31881
31890
31905
31911
31925
31926
31929
31932
31945
31958
31963
31969
31982
31991
31992
32011
32014
32017
32039
32069
32072
32077
32082
32092
32094
32100
32120
32136
32137
32139
32142
32145
32152
32156
32157
32160
32164
32166
32171
32178
32180
32184
32199
32200
32206
32232
32237
32246
32250
32254
32257
32260
32262
32269
32272
32285
32290
32292
32295
32310
32325
32329
32347
32352
32357
32363
32364
32367
32369
32372
32382
32388
32389
32390
32408
32446
32458
32462
32475
32476
32483
32485
32489
32490
32507
32516
32520
32528
32536
32538
32541
32554
32557
32580
32589
32592
32602
32609
32615
32618
32619
32620
32628
32629
32636
32641
32646
32647
32654
32655
32656
32666
32667
32668
32669
32683
32685
32694
32696
32701
32703
32705
32707
32710
32719
32721
32722
32724
32725
32726
32733
32734
32746
32750
32758
32764
32765
32772
32779
32791
32799
32804
32807
32816
32825
32830
32835
32839
32841
32851
32854
32858
32859
32865
32870
32873
32878
32886
32894
32897
32900
32915
32918
32923
32927
32929
32935
32969
32971
32975
32977
32991
33004
33005
33019
33033
33039
33046
33049
33053
33064
33072
33077
33087
33093
33101
33115
33122
33132
33139
33149
33157
33171
33176
33188
33195
33207
33216
33220
33229
33238
33243
33252
33257
33262
33275
33284
33294
33307
33317
33331
33339
33351
33357
33364
33377
33378
33389
33396
33405
33414
33422
33430
33439
33448
33457
33468
33477
33490
33503
33510
33529
33541
33553
33565
33576
33583
33593
33603
33607
33626
33628
33632
33645
33667
33681
33687
33702
33703
33707
33710
33718
33721
33722
33727
33729
33732
33736
33739
33744
33757
33759
33767
33787
33792
33804
33813
33815
33820
33824
33831
33832
33835
33853
33854
33858
33859
33862
33871
33874
33889
33906
33915
33916
33922
33924
33929
33938
33954
33971
33977
33980
33990
33996
34008
34017
34026
34037
34046
34051
34052
34061
34079
34084
34085
34090
34093
34094
34100
34101
34103
34107
34120
34128
34138
34147
34152
34204
34215
34216
34219
34223
34231
34239
34243
34248
34261
34262
34263
34272
34277
34291
34299
34304
34305
34306
34312
34315
34317
34320
34323
34327
34334
34335
34341
34354
34358
34359
34362
34369
34374
34378
34385
34386
34387
34395
34398
34407
34408
34414
34421
34426
34430
34455
34460
34466
34467
34472
34484
34487
34533
34553
34559
34572
34575
34611
34630
34640
34644
34652
34656
34657
34660
34661
34664
34672
34693
34697
34701
34702
34704
34706
34720
34723
34729
34730
34739
34741
34743
34746
34750
34751
34757
34762
34765
34768
34770
34773
34776
34780
34782
34789
34791
34793
34797
34798
34805
34807
34810
34812
34816
34821
34836
34855
34864
34870
34874
34885
34903
34914
34918
34934
34943
34946
34951
34952
34957
34969
34974
34980
34986
34991
35003
35013
35021
35034
35036
35043
35044
35046
35047
35048
35049
35054
35058
35059
35062
35070
35078
35094
35100
35105
35117
35121
35126
35144
35149
35156
35178
35189
35193
35195
35198
35205
35220
35225
35236
35243
35248
35270
35273
35276
35279
35286
35289
35291
35304
35306
35311
35318
35320
35323
35335
35343
35350
35352
35353
35357
35358
35365
35366
35370
35384
35386
35391
35400
35405
35417
35423
35432
35450
35451
35452
35459
35476
35477
35480
35481
35486
35491
35497
35502
35504
35509
35511
35512
35514
35525
35533
35537
35543
35545
35546
35552
35558
35559
35560
35562
35567
35568
35571
35591
35596
35602
35608
35639
35649
35666
35676
35677
35683
35684
35691
35695
35698
35701
35703
35706
35714
35718
35722
35726
35728
35737
35738
35740
35763
35766
35767
35776
35782
35783
35787
35791
35807
35814
35816
35818
35829
35834
35839
35847
35872
35876
35903
35923
35935
35938
35944
35955
35961
35969
35971
35973
35976
35984
35991
35997
36014
36016
36020
36023
36028
36033
36050
36060
36073
36074
36078
36079
36080
36082
36093
36094
36108
36111
36112
36114
36119
36121
36122
36130
36134
36139
36145
36146
36148
36151
36163
36165
36168
36171
36180
36182
36187
36188
36191
36193
36194
36195
36204
36210
36211
36212
36214
36216
36218
36220
36221
36225
36226
36230
36240
36242
36243
36246
36253
36256
36258
36259
36260
36261
36262
36263
36264
36268
36269
36270
36272
36273
36274
36275
36277
36278
36279
36281
36282
36283
36284
36292
36293
36295
36296
36298
36299
36303
36305
36306
36307
36308
36309
36311
36313
36315
36316
36317
36320
36321
36322
36324
36325
36327
36328
36329
36332
36333
36334
36337
36339
36342
36344
36347
36349
36351
36354
36356
36360
36362
36366
36367
36368
36373
36377
36381
36386
36390
36394
36401
36402
36404
36405
36410
36412
36414
36415
36421
36423
36424
36425
36426
36428
36430
36432
36435
36436
36437
36438
36439
36440
36443
36444
36445
36451
36453
36455
36457
36460
36462
36464
36467
36469
36472
36475
36483
36484
36485
36486
36490
36495
36497
36498
36499
36503
36506
36531
36532
36533
36534
36538
36540
36543
36546
36555
36559
36566
36568
36570
36579
36590
36595
36607
36614
36620
36631
36636
36647
36654
36658
36663
36666
36670
36672
36673
36683
36689
36702
36709
36732
36773
36776
36781
36785
36787
36803
36806
36807
36832
36867
36868
36876
36879
36880
36881
36883
36885
36886
36888
36896
36938
36952
36953
36957
36961
36963
36967
36971
36972
36974
36976
36981
36993
36998
37017
37030
37038
37042
37046
37049
37059
37070
37072
37077
37079
37088
37107
37109
37115
37118
37119
37123
37140
37198
37208
37209
37210
37211
37212
37218
37219
37220
37226
37232
37234
37260
37270
37272
37281
37282
37283
37338
37340
37392
37403
37404
37411
37415
37421
37423
37435
37440
37452
37456
37458
37472
37478
37487
37488
37489
37519
37528
37534
37542
37546
37552
37553
37559
37561
37568
37572
37577
37584
37585
37586
37588
37591
37607
37612
37615
37653
37654
37664
37672
37688
37690
37691
37696
37702
37704
37707
37720
37722
37745
37749
37760
37766
37771
37774
37790
37792
37798
37811
37814
37819
37822
37823
37829
37837
37843
37847
37854
37866
37871
37875
37881
37882
37890
37894
37895
37901
37916
37928
37932
37936
37941
37950
37958
37963
37969
37970
37971
37973
37976
37978
37981
37988
38001
38008
38013
38090
38093
38094
38099
38103
38125
38131
38152
38169
38170
38173
38174
38176
38178
38179
38190
38194
38197
38205
38209
38214
38223
38268
38270
38279
38283
38284
38287
38305
38312
38313
38325
38327
38331
38345
38356
38365
38368
38373
38374
38381
38388
38393
38421
38429
38436
38442
38446
38457
38461
38471
38475
38476
38478
38484
38495
38507
38516
38523
38524
38526
38530
38550
38557
38581
38598
38599
38603
38609
38613
38618
38623
38628
38637
38641
38647
38654
38679
38684
38690
38694
38698
38699
38724
38727
38739
38743
38744
38749
38758
38763
38771
38774
38779
38782
38788
38789
38791
38797
38800
38804
38807
38817
38821
38831
38833
38845
38854
38858
38883
38894
38897
38901
38908
38910
38911
38912
38924
38932
38936
38941
38954
38967
38972
38976
38977
38982
38989
38994
38999
39002
39004
39010
39011
39049
39053
39060
39076
39086
39087
39103
39111
39113
39131
39139
39144
39146
39147
39152
39164
39172
39173
39177
39180
39181
39182
39183
39187
39189
39211
39223
39234
39237
39243
39250
39258
39265
39345
39349
39350
39356
39359
39372
39374
39382
39397
39421
39422
39424
39427
39439
39503
39506
39512
39519
39520
39538
39550
39551
39580
39584
39587
39600
39614
39621
39623
39646
39648
39651
39653
39659
39665
39668
39672
39673
39674
39697
39708
39719
39724
39725
39749
39767
39788
39802
39806
39807
39811
39829
39832
39840
39843
39846
39855
39858
39860
39866
39868
39870
39880
39885
39886
39907
39911
39919
39930
39938
39939
39950
39966
39970
39980
39981
39991
39992
39997
40001
40003
40017
40031
40040
40046
40053
40055
40057
40059
40075
40094
40100
40105
40107
40108
40120
40124
40128
40130
40131
40132
40145
40161
40194
40196
40203
40205
40211
40226
40229
40239
40247
40262
40268
40272
40281
40299
40313
40319
40331
40334
40343
40348
40362
40413
40425
40443
40453
40459
40463
40464
40465
40470
40471
40475
40483
40558
40564
40567
40575
40582
40596
40608
40619
40631
40637
40640
40654
40667
40669
40682
40684
40713
40718
40747
40761
40770
40780
40784
40786
40787
40812
40817
40818
40820
40827
40832
40836
40846
40852
40858
40868
40870
40874
40877
40885
40896
40902
40910
40920
40923
40926
40928
40934
40941
40952
40957
40961
40962
40968
40972
40976
40984
40985
40991
41004
41006
41016
41026
41031
41046
41053
41056
41062
41065
41071
41077
41092
41101
41102
41107
41114
41120
41127
41145
41158
41164
41174
41176
41177
41179
41186
41191
41194
41210
41219
41229
41230
41241
41244
41249
41250
41259
41262
41263
41267
41270
41273
41276
41277
41285
41288
41298
41303
41309
41311
41316
41319
41323
41335
41345
41357
41363
41367
41376
41388
41407
41409
41411
41437
41439
41443
41448
41464
41468
41469
41471
41483
41488
41491
41493
41495
41497
41502
41507
41508
41513
41519
41528
41544
41547
41551
41555
41560
41569
41570
41587
41591
41596
41602
41614
41615
41631
41635
41650
41652
41656
41669
41675
41678
41680
41696
41697
41698
41706
41708
41713
41716
41724
41762
41774
41777
41781
41789
41791
41798
41801
41808
41819
41822
41823
41824
41825
41826
41827
41836
41837
41840
41850
41859
41862
41863
41867
41870
41874
41880
41891
41898
41900
41902
41903
41906
41908
41913
41919
41921
41924
41927
41936
41941
41944
41945
41950
41951
41956
41957
41958
41963
41966
41968
41969
41970
41977
41978
41984
41992
42015
42016
42038
42045
42046
42062
42086
42091
42093
42095
42105
42114
42122
42128
42139
42141
42147
42156
42163
42168
42171
42177
42182
42184
42189
42192
42206
42214
42216
42219
42222
42231
42245
42254
42262
42274
42283
42291
42303
42340
42341
42344
42354
42370
42372
42374
42376
42380
42381
42394
42398
42416
42421
42427
42433
42435
42456
42461
42471
42474
42479
42481
42489
42490
42491
42493
42495
42497
42500
42505
42518
42520
42525
42533
42538
42547
42560
42561
42564
42569
42570
42575
42581
42589
42594
42608
42613
42627
42637
42641
42644
42650
42659
42664
42675
42679
42680
42683
42685
42687
42688
42692
42699
42704
42705
42707
42709
42721
42724
42728
42743
42751
42752
42757
42762
42772
42775
42804
42810
42812
42846
42857
42868
42878
42891
42892
42901
42921
42935
42955
42964
42972
42980
42983
42990
43008
43010
43013
43014
43023
43026
43046
43057
43060
43061
43062
43064
43075
43078
43092
43096
43097
43098
43102
43110
43112
43113
43115
43116
43120
43126
43130
43131
43132
43133
43141
43146
43147
43154
43162
43163
43172
43226
43230
43232
43250
43260
43268
43276
43277
43288
43298
43302
43303
43306
43316
43318
43321
43327
43332
43334
43335
43340
43341
43358
43359
43361
43366
43369
43389
43405
43424
43437
43445
43452
43453
43460
43463
43495
43505
43510
43511
43520
43525
43527
43528
43533
43545
43553
43556
43563
43565
43566
43579
43584
43587
43595
43603
43658
43672
43673
43675
43678
43680
43684
43694
43702
43726
43738
43740
43758
43762
43763
43764
43780
43787
43791
43806
43816
43822
43828
43833
43836
43838
43841
43842
43857
43866
43872
43874
43881
43888
43898
43905
43908
43919
43934
43944
43949
43951
43954
43955
43957
43961
43979
44025
44028
44030
44070
44075
44077
44080
44095
44098
44108
44110
44111
44115
44119
44129
44130
44136
44145
44149
44157
44161
44164
44171
44174
44178
44186
44190
44215
44216
44226
44241
44243
44245
44249
44261
44284
44285
44287
44303
44309
44313
44329
44330
44334
44338
44339
44342
44344
44360
44366
44369
44377
44393
44405
44406
44422
44424
44425
44430
44445
44448
44455
44460
44467
44485
44499
44508
44513
44518
44522
44527
44546
44556
44558
44564
44565
44567
44572
44585
44591
44593
44594
44597
44599
44601
44602
44655
44680
44681
44682
44684
44689
44692
44694
44695
44698
44702
44703
44708
44710
44716
44721
44724
44728
44737
44740
44748
44754
44759
44769
44770
44771
44778
44780
44787
44789
44796
44800
44802
44812
44817
44819
44821
44826
44832
44834
44835
44839
44841
44843
44844
44846
44850
44854
44857
44863
44865
44866
44867
44886
44888
44890
44909
44916
44929
44936
44940
44942
44945
44948
44951
44953
44954
44956
44963
44965
44981
44985
44995
45014
45015
45018
45020
45039
45041
45048
45050
45055
45060
45062
45069
45070
45073
45078
45084
45086
45093
45094
45099
45124
45128
45133
45152
45157
45162
45178
45185
45189
45191
45196
45206
45212
45214
45215
45216
45217
45222
45227
45228
45229
45248
45264
45268
45281
45285
45288
45289
45296
45299
45300
45305
45309
45314
45319
45325
45326
45328
45331
45332
45334
45342
45372
45394
45426
45434
45447
45461
45464
45467
45493
45499
45513
45529
45533
45538
45562
45563
45566
45578
45579
45581
45587
45593
45603
45662
45663
45665
45686
45698
45699
45702
45703
45709
45712
45726
45727
45730
45731
45733
45737
45744
45758
45764
45767
45776
45777
45787
45796
45809
45818
45822
45824
45831
45838
45842
45845
45863
45865
45883
45891
45924
45979
45991
45996
46004
46009
46017
46018
46019
46020
46021
46026
46030
46035
46036
46039
46040
46041
46044
46046
46047
46049
46050
46056
46057
46058
46059
46063
46064
46066
46080
46087
46112
46117
46121
46122
46131
46134
46136
46173
46176
46182
46186
46190
46201
46208
46209
46212
46225
46238
46242
46258
46265
46266
46267
46269
46273
46287
46299
46311
46317
46318
46339
46342
46350
46356
46362
46365
46377
46381
46384
46388
46397
46410
46419
46441
46450
46488
46499
46505
46507
46521
46529
46547
46556
46560
46569
46576
46587
46588
46590
46600
46603
46606
46607
46618
46631
46639
46657
46658
46665
46672
46675
46687
46688
46695
46705
46708
46713
46725
46734
46739
46754
46762
46764
46766
46775
46777
46781
46785
46788
46794
46802
46821
46833
46838
46839
46842
46844
46845
46849
46856
46872
46882
46902
46905
46908
46917
46923
46924
46927
46928
46937
46940
46944
46962
46967
46979
46982
46990
46995
46999
47012
47018
47023
47032
47034
47042
47048
47053
47066
47070
47075
47098
47099
47104
47107
47112
47113
47117
47118
47119
47129
47136
47137
47160
47164
47179
47199
47205
47209
47211
47213
47216
47224
47232
47242
47243
47245
47250
47279
47288
47300
47304
47310
47314
47316
47323
47324
47331
47340
47349
47358
47364
47376
47386
47393
47401
47405
47411
47416
47417
47426
47433
47436
47441
47442
47444
47446
47458
47472
47474
47479
47497
47499
47506
47507
47510
47524
47530
47531
47536
47542
47547
47549
47550
47551
47561
47562
47574
47583
47585
47600
47613
47615
47628
47629
47635
47654
47667
47672
47673
47680
47696
47703
47713
47722
47725
47739
47743
47749
47753
47765
47769
47788
47790
47797
47800
47804
47808
47811
47813
47814
47820
47824
47825
47828
47832
47838
47841
47842
47843
47849
47855
47856
47899
47906
47913
47914
47921
47925
47929
47943
47961
47965
47966
47971
47975
47977
47979
47988
47993
47995
48000
48006
48007
48014
48017
48029
48032
48036
48037
48039
48047
48052
48057
48062
48069
48076
48080
48087
48097
48102
48105
48107
48108
48111
48117
48120
48125
48128
48140
48142
48146
48150
48155
48170
48176
48194
48201
48202
48203
48209
48212
48217
48226
48236
48238
48241
48254
48262
48265
48266
48331
48332
48355
48358
48366
48374
48395
48397
48399
48400
48403
48454
48468
48498
48504
48512
48522
48535
48546
48553
48554
48556
48560
48573
48591
48592
48599
48603
48605
48607
48608
48609
48610
48616
48620
48621
48622
48624
48626
48627
48630
48634
48642
48652
48662
48673
48676
48693
48705
48716
48723
48730
48739
48744
48747
48752
48766
48793
48809
48835
48839
48846
48909
49029
49032
49039
49046
49077
49083
49091
49099
49102
49135
49136
49143
49145
49146
49156
49159
49162
49165
49174
49181
49184
49200
49207
49208
49222
49227
49228
49231
49236
49239
49250
49251
49255
49264
49271
49299
49305
49313
49316
49334
49340
49341
49342
49343
49348
49349
49353
49355
49358
49379
49389
49397
49430
49450
49457
49462
49474
49496
49512
49520
49532
49536
49554
49559
49561
49569
49570
49572
49573
49582
49596
49599
49602
49604
49606
49609
49618
49631
49654
49667
49668
49671
49675
49693
49703
49705
49727
49740
49748
49785
49793
49794
49796
49797
49821
49837
49841
49846
49879
49895
49921
49923
49943
49949
49950
49961
49964
49987
49993
50000
50018
50045
50051
50052
50054
50056
50057
50058
50060
50061
50063
50073
50075
50078
50086
50091
50093
50099
50100
50108
50123
50124
50125
50126
50134
50139
50144
50155
50159
50164
50181
50184
50188
50192
50202
50209
50223
50231
50240
50244
50245
50268
50269
50271
50272
50291
50293
50307
50314
50322
50328
50331
50345
50361
50363
50368
50369
50386
50387
50395
50399
50405
50414
50425
50436
50439
50459
50473
50478
50484
50486
50497
50499
50501
50502
50512
50513
50521
50528
50533
50547
50551
50583
50593
50629
50638
50641
50655
50659
50666
50678
50679
50681
50691
50694
50697
50702
50705
50722
50730
50736
50741
50742
50747
50751
50752
50755
50765
50768
50771
50812
50820
50872
50874
50876
50880
50886
50889
50890
50906
50913
50926
50938
50939
50943
50952
50963
50964
50970
50980
50984
50990
50994
50995
51011
51012
51022
51038
51045
51054
51064
51072
51079
51080
51088
51092
51116
51152
51153
51157
51168
51173
51179
51182
51190
51193
51196
51197
51204
51209
51211
51217
51240
51243
51250
51256
51259
51269
51271
51279
51299
51301
51304
51306
51337
51355
51361
51369
51384
51386
51403
51416
51419
51426
51430
51431
51433
51440
51460
51492
51494
51509
51511
51531
51542
51543
51545
51551
51553
51559
51569
51571
51575
51580
51582
51584
51585
51587
51590
51591
51597
51603
51608
51609
51610
51623
51627
51628
51635
51639
51657
51673
51677
51678
51682
51684
51729
51731
51744
51759
51766
51769
51773
51780
51784
51791
51793
51808
51812
51816
51820
51824
51827
51830
51839
51843
51848
51860
51863
51865
51877
51889
51891
51899
51903
51913
51923
51932
51933
51939
51940
51941
51942
51944
51949
51955
51957
51962
51968
51977
51983
51986
51995
52001
52011
52021
52028
52029
52039
52040
52057
52079
52085
52108
52115
52118
52136
52146
52153
52155
52164
52169
52176
52180
52188
52194
52201
52206
52244
52277
52283
52298
52308
52318
52335
52345
52356
52358
52371
52374
52393
52398
52399
52400
52402
52405
52408
52412
52431
52434
52444
52459
52472
52480
52487
52493
52496
52508
52510
52514
52534
52535
52554
52561
52564
52569
52573
52596
52600
52614
52617
52622
52626
52627
52638
52647
52655
52656
52681
52683
52690
52692
52702
52703
52712
52737
52739
52742
52749
52756
52765
52769
52771
52779
52794
52795
52798
52808
52817
52818
52823
52826
52833
52840
52845
52856
52862
52864
52865
52872
52880
52882
52883
52888
52895
52901
52910
52915
52919
52926
52927
52928
52937
52943
52958
52981
52997
53002
53006
53009
53011
53013
53023
53030
53040
53055
53067
53069
53071
53076
53080
53082
53088
53092
53097
53100
53106
53108
53117
53123
53127
53131
53136
53139
53148
53149
53150
53151
53152
53156
53162
53171
53183
53186
53197
53199
53203
53249
53253
53258
53266
53270
53273
53274
53285
53291
53306
53315
53316
53347
53352
53362
53389
53402
53411
53413
53414
53420
53421
53429
53434
53444
53449
53456
53460
53468
53501
53524
53528
53531
53544
53555
53556
53560
53561
53564
53569
53570
53574
53575
53579
53584
53588
53593
53596
53610
53621
53635
53691
53703
53704
53706
53715
53721
53737
53764
53779
53785
53789
53802
53806
53818
53840
53844
53850
53858
53862
53873
53875
53892
53893
53898
53900
53914
53917
53937
53948
53950
53952
53963
53971
53974
53975
53984
53995
54001
54002
54010
54011
54017
54019
54024
54025
54070
54071
54078
54079
54087
54088
54095
54099
54103
54161
54163
54170
54171
54177
54191
54197
54203
54204
54208
54214
54239
54240
54251
54258
54264
54268
54277
54285
54301
54304
54308
54317
54328
54331
54340
54349
54358
54367
54376
54383
54385
54392
54402
54424
54431
54437
54442
54443
54446
54463
54466
54476
54486
54487
54490
54495
54500
54502
54507
54523
54530
54555
54558
54561
54586
54590
54613
54614
54618
54625
54651
54655
54658
54666
54669
54672
54674
54676
54681
54686
54695
54699
54704
54710
54717
54730
54733
54735
54741
54753
54762
54766
54786
54789
54802
54809
54810
54825
54836
54858
54879
54884
54890
54904
54909
54913
54940
54944
54955
54956
54962
54981
54985
55002
55031
55046
55047
55064
55068
55070
55071
55075
55076
55078
55090
55095
55098
55099
55108
55110
55122
55123
55124
55125
55127
55129
55133
55141
55142
55150
55154
55167
55175
55180
55186
55187
55193
55194
55205
55212
55224
55234
55239
55247
55250
55252
55257
55262
55266
55275
55279
55291
55293
55298
55324
55327
55334
55339
55347
55356
55365
55368
55371
55373
55374
55378
55379
55382
55384
55387
55391
55397
55399
55426
55431
55432
55437
55438
55439
55445
55446
55453
55456
55470
55479
55493
55497
55500
55512
55518
55526
55531
55551
55560
55570
55571
55585
55593
55596
55601
55608
55610
55614
55619
55622
55641
55643
55655
55663
55666
55670
55676
55688
55697
55708
55720
55727
55741
55744
55750
55753
55759
55769
55771
55772
55774
55778
55800
55806
55808
55833
55839
55847
55855
55860
55866
55871
55906
55911
55935
55938
55940
55958
55967
55968
55973
55974
55976
55978
55985
55993
56006
56022
56029
56034
56035
56040
56043
56044
56052
56059
56062
56069
56084
56089
56090
56099
56122
56133
56147
56154
56157
56159
56167
56180
56187
56203
56208
56218
56219
56241
56251
56258
56267
56277
56286
56289
56294
56306
56315
56317
56322
56323
56327
56335
56348
56374
56375
56550
56571
56623
56629
56645
56654
56669
56684
56689
56693
56707
56732
56733
56734
56741
56743
56748
56751
56755
56761
56773
56775
56778
56788
56790
56791
56795
56798
56801
56825
56836
56846
56863
56866
56870
56880
56889
56890
56893
56894
56895
56904
56912
56920
56943
56950
56951
56966
56968
56971
56974
56979
56986
57001
57005
57009
57012
57016
57022
57035
57040
57045
57048
57052
57054
57057
57061
57070
57076
57079
57083
57084
57086
57088
57090
57093
57099
57107
57108
57110
57111
57112
57116
57118
57123
57130
57132
57136
57145
57152
57158
57161
57164
57168
57176
57178
57179
57182
57190
57196
57199
57202
57204
57205
57206
57213
57217
57221
57225
57226
57229
57239
57245
57248
57252
57254
57257
57258
57279
57290
57297
57303
57322
57330
57335
57340
57342
57346
57396
57407
57414
57426
57432
57491
57495
57500
57505
57508
57512
57516
57518
57525
57527
57535
57541
57544
57551
57557
57566
57586
57591
57596
57602
57604
57611
57619
57624
57630
57632
57633
57640
57648
57656
57675
57676
57691
57696
57703
57707
57710
57714
57736
57749
57751
57769
57774
57782
57785
57805
57808
57821
57825
57826
57832
57841
57850
57857
57864
57867
57875
57887
57888
57924
57930
57935
57942
57946
57949
57957
57971
57973
57982
57987
58003
58009
58015
58031
58038
58057
58058
58073
58078
58083
58086
58103
58125
58179
58183
58189
58198
58206
58208
58210
58212
58213
58214
58227
58229
58231
58234
58241
58243
58250
58253
58261
58262
58282
58288
58290
58291
58296
58300
58303
58332
58335
58341
58346
58360
58376
58385
58390
58392
58396
58399
58400
58402
58408
58413
58419
58422
58423
58440
58442
58445
58461
58479
58483
58488
58500
58513
58520
58522
58523
58524
58530
58534
58548
58551
58553
58568
58571
58581
58608
58611
58613
58625
58630
58642
58648
58655
58658
58666
58680
58688
58697
58703
58707
58712
58714
58741
58764
58765
58771
58772
58785
58790
58793
58798
58803
58805
58815
58820
58828
58841
58852
58863
58864
58868
58873
58877
58878
58883
58889
58890
58891
58898
58902
58903
58920
58935
58938
58941
58947
58954
58959
58961
58965
58967
58968
58970
58974
58977
58979
58980
58983
58985
58989
58990
58995
58996
59001
59003
59008
59011
59013
59014
59016
59019
59022
59025
59028
59034
59038
59041
59047
59050
59057
59064
59068
59073
59077
59084
59088
59091
59096
59103
59109
59111
59115
59130
59137
59139
59140
59142
59143
59148
59156
59157
59162
59164
59173
59177
59182
59185
59187
59197
59202
59203
59209
59211
59214
59222
59226
59229
59230
59232
59233
59238
59240
59242
59251
59255
59260
59263
59267
59269
59274
59281
59291
59298
59300
59301
59306
59311
59313
59316
59321
59323
59333
59342
59346
59355
59358
59366
59370
59371
59372
59373
59376
59379
59387
59388
59390
59394
59397
59398
59403
59406
59408
59411
59413
59419
59420
59428
59436
59440
59444
59446
59456
59463
59469
59473
59478
59481
59483
59490
59499
59512
59513
59517
59520
59523
59533
59539
59553
59566
59580
59588
59589
59593
59594
59601
59604
59617
59618
59619
59620
59621
59628
59638
59641
59653
59657
59670
59675
59684
59692
59700
59701
59706
59713
59714
59717
59718
59724
59739
59741
59744
59752
59756
59761
59765
59771
59773
59778
59784
59786
59791
59796
59802
59812
59817
59822
59827
59830
59831
59835
59841
59853
59864
59868
59873
59885
59888
59889
59891
59897
59905
59908
59909
59916
59920
59924
59930
59935
59942
59949
59957
59961
59963
59967
59969
59977
59980
60006
60017
60020
60030
60049
60058
60081
60095
60104
60107
60136
60140
60170
60177
60179
60183
60185
60187
60190
60201
60216
60218
60223
60225
60230
60236
60238
60240
60246
60257
60259
60273
60280
60282
60283
60287
60293
60308
60322
60326
60327
60344
60346
60360
60392
60404
60407
60410
60411
60419
60422
60428
60438
60441
60446
60452
60455
60467
60476
60487
60488
60491
60497
60506
60515
60526
60528
60529
60535
60539
60548
60563
60565
60569
60577
60579
60584
60589
60592
60593
60620
60629
60641
60648
60657
60660
60662
60690
60693
60695
60702
60708
60713
60716
60721
60725
60729
60735
60742
60743
60749
60758
60767
60783
60788
60789
60797
60805
60811
60821
60830
60845
60847
60853
60858
60867
60876
60881
60899
60913
60924
60926
60946
60954
60959
60960
60987
60993
60994
60999
61008
61010
61024
61027
61028
61034
61037
61038
61041
61042
61046
61048
61061
61081
61085
61122
61139
61147
61155
61159
61160
61175
61176
61177
61184
61185
61186
61216
61219
61220
61221
61226
61227
61235
61237
61238
61259
61265
61278
61280
61304
61307
61312
61319
61326
61333
61362
61372
61374
61384
61386
61392
61394
61397
61401
61406
61411
61433
61436
61444
61448
61449
61451
61458
61466
61476
61487
61488
61493
61500
61508
61517
61522
61525
61544
61555
61559
61566
61573
61578
61589
61594
61595
61603
61606
61616
61622
61625
61629
61639
61644
61648
61654
61705
61714
61717
61719
61743
61745
61755
61757
61759
61761
61773
61778
61800
61816
61819
61873
61883
61888
61892
61908
61916
61925
61942
61948
61952
61954
61958
61979
61983
61994
62000
62003
62013
62016
62025
62028
62033
62039
62044
62051
62059
62072
62099
62102
62105
62111
62115
62116
62120
62129
62130
62132
62144
62147
62149
62152
62156
62159
62171
62183
62187
62188
62189
62193
62195
62204
62209
62210
62213
62214
62216
62217
62226
62228
62250
62256
62265
62269
62275
62283
62285
62307
62312
62319
62323
62326
62327
62330
62335
62343
62348
62354
62360
62372
62376
62379
62381
62382
62398
62405
62407
62416
62421
62426
62443
62464
62465
62467
62473
62478
62479
62485
62487
62489
62495
62502
62508
62509
62511
62514
62515
62518
62546
62550
62556
62563
62566
62594
62605
62608
62610
62632
62640
62643
62650
62654
62665
62671
62685
62687
62689
62704
62706
62716
62738
62746
62749
62757
62763
62764
62767
62778
62786
62787
62799
62811
62812
62816
62819
62825
62846
62848
62884
62905
62907
62914
62915
62920
62922
62925
62929
62938
62944
62947
62950
62951
62953
62958
62963
62965
62967
62971
62975
62978
62981
62985
62989
62992
63010
63013
63014
63017
63020
63021
63027
63032
63037
63041
63048
63054
63061
63065
63070
63074
63075
63098
63116
63125
63133
63139
63144
63149
63152
63158
63160
63163
63166
63168
63175
63180
63183
63200
63210
63216
63222
63229
63235
63241
63248
63255
63266
63267
63271
63277
63279
63283
63285
63296
63299
63302
63320
63336
63348
63351
63356
63368
63381
63390
63396
63398
63401
63425
63428
63440
63444
63450
63458
63464
63468
63492
63500
63515
63533
63545
63561
63564
63596
63602
63614
63618
63622
63623
63628
63629
63648
63655
63674
63677
63679
63685
63691
63705
63710
63718
63727
63728
63730
63733
63741
63742
63743
63747
63751
63754
63759
63768
63772
63783
63786
63788
63795
63797
63831
63863
63867
63887
63891
63906
63907
63911
63915
63916
63918
63941
63949
63961
63971
63981
63982
63987
63989
63995
63999
64001
64005
64015
64017
64025
64046
64051
64056
64061
64065
64070
64073
64077
64105
64111
64114
64116
64121
64127
64134
64143
64146
64152
64161
64175
64184
64191
64195
64199
64202
64203
64205
64207
64208
64214
64219
64227
64229
64231
64233
64235
64239
64240
64241
64243
64244
64250
64252
64271
64283
64286
64297
64303
64304
64305
64306
64309
64311
64312
64315
64318
64320
64323
64329
64331
64333
64336
64342
64346
64348
64352
64354
64355
64356
64358
64363
64373
64374
64389
64392
64395
64396
64398
64399
64400
64401
64403
64405
64406
64407
64409
64411
64412
64416
64417
64419
64424
64441
64449
64460
64464
64468
64479
64480
64483
64492
64494
64497
64509
64512
64518
64523
64525
64533
64536
64537
64542
64552
64560
64561
64569
64571
64574
64577
64580
64581
64585
64587
64588
64592
64604
64618
64621
64624
64632
64635
64636
64640
64658
64661
64667
64685
64694
64707
64716
64727
64745
64752
64753
64760
64774
64775
64776
64787
64789
64791
64804
64806
64811
64821
64823
64827
64828
64832
64840
64842
64844
64849
64853
64867
64873
64889
64894
64895
64898
64905
64921
64923
64926
64928
64930
64936
64941
64944
64949
64958
64968
64979
64980
64988
64989
65006
65009
65015
65023
65029
65030
65036
65044
65053
65058
65066
65084
65088
65093
65100
65108
65129
65133
65135
65142
65164
65664
65674
65688
65698
65701
65707
65712
65717
65740
65756
65761
65762
65768
65778
65782
65787
65799
65819
65825
65830
65834
65837
65839
65850
65861
65879
65880
65898
65906
65908
65922
65929
65940
65946
65949
65954
65958
65961
65962
65963
65964
65968
65978
65981
65997
66003
66006
66011
66022
66026
66032
66036
66038
66093
66095
66096
66106
66107
66114
66125
66126
66132
66141
66147
66149
66156
66173
66183
66186
66199
66201
66207
66208
66210
66213
66218
66224
66227
66233
66244
66246
66256
66258
66282
66290
66304
66311
66315
66317
66321
66326
66337
66343
66346
66355
66356
66358
66365
66373
66382
66387
66393
66397
66408
66416
66419
66427
66439
66448
66450
66459
66460
66474
66476
66487
66501
66512
66518
66531
66541
66557
66567
66570
66582
66588
66597
66612
66622
66630
66642
66651
66659
66673
66687
66697
66709
66716
66733
66756
66764
66784
66785
66787
66794
66803
66805
66810
66817
66818
66821
66832
66839
66844
66846
66853
66857
66858
66861
66868
66872
66873
66876
66878
66888
66895
66900
66901
66904
66910
66912
66915
66917
66921
66925
66930
66931
66936
66941
66943
66946
66951
66961
66962
66973
66979
66981
66982
66984
66987
66990
66996
67004
67009
67010
67021
67026
67028
67029
67033
67035
67038
67043
67047
67051
67054
67059
67079
67080
67083
67086
67090
67092
67093
67097
67099
67109
67115
67117
67119
67122
67131
67145
67149
67151
67161
67163
67167
67180
67181
67183
67193
67203
67207
67208
67211
67219
67221
67227
67229
67243
67244
67247
67255
67261
67279
67281
67284
67313
67316
67318
67322
67327
67335
67347
67348
67370
67373
67375
67379
67420
67426
67427
67430
67435
67445
67449
67454
67472
67480
67491
67493
67517
67521
67529
67532
67534
67540
67541
67552
67560
67568
67569
67573
67583
67589
67594
67600
67606
67620
67622
67625
67626
67631
67636
67637
67648
67665
67668
67674
67684
67685
67693
67697
67705
67716
67720
67725
67727
67732
67736
67742
67744
67745
67749
67755
67762
67773
67785
67794
67798
67799
67801
67803
67815
67821
67833
67838
67840
67842
67846
67848
67856
67862
67868
67873
67879
67886
67887
67888
67910
67919
67926
67931
67933
67939
67944
67963
67966
67970
67972
67974
67989
67996
67997
68001
68003
68006
68010
68011
68017
68021
68026
68030
68032
68035
68042
68048
68054
68059
68060
68069
68070
68092
68095
68107
68136
68138
68151
68156
68160
68165
68169
68177
68183
68218
68221
68225
68231
68237
68247
68248
68256
68269
68273
68294
68298
68304
68314
68320
68326
68333
68339
68344
68345
68370
68377
68386
68399
68402
68407
68415
68422
68430
68433
68435
68450
68461
68464
68467
68475
68477
68484
68488
68502
68507
68512
68513
68519
68539
68550
68552
68573
68574
68594
68598
68599
68604
68607
68610
68612
68613
68616
68626
68629
68644
68645
68646
68654
68655
68662
68663
68666
68679
68690
68699
68705
68709
68723
68733
68740
68743
68748
68773
68780
68784
68795
68803
68818
68821
68827
68839
68858
68866
68876
68902
68905
68909
68915
68918
68922
68941
68945
68960
68965
68974
68995
69009
69012
69026
69037
69039
69044
69049
69050
69060
69063
69066
69071
69081
69156
69160
69163
69171
69173
69223
69225
69229
69231
69246
69253
69262
69263
69264
69281
69289
69293
69302
69303
69304
69310
69315
69330
69336
69337
69344
69348
69356
69373
69396
69400
69449
69473
69488
69498
69537
69541
69548
69576
69581
69585
69596
69618
69624
69626
69630
69634
69636
69643
69658
69659
69668
69677
69683
69689
69700
69706
69707
69722
69726
69730
69746
69752
69754
69759
69772
69775
69793
69798
69805
69815
69816
69821
69859
69863
69874
69882
69900
69905
69926
69943
69956
69972
69989
70000
70008
70015
70021
70023
70029
70033
70040
70042
70051
70052
70056
70063
70067
70072
70073
70077
70081
70085
70088
70092
70102
70118
70119
70126
70142
70145
70146
70150
70162
70166
70168
70171
70177
70182
70191
70198
70231
70233
70257
70263
70273
70282
70291
70306
70309
70328
70336
70340
70349
70350
70356
70359
70361
70368
70375
70379
70383
70390
70398
70399
70400
70430
70436
70443
70449
70450
70460
70461
70466
70469
70476
70477
70482
70484
70489
70492
70495
70499
70515
70516
70543
70557
70575
70578
70579
70580
70586
70595
70601
70603
70604
70623
70629
70636
70638
70639
70642
70648
70655
70663
70669
70707
70709
70721
70727
70734
70735
70745
70751
70755
70761
70765
70771
70775
70788
70790
70791
70799
70803
70808
70813
70814
70822
70833
70835
70843
70846
70849
70855
70856
70858
70863
70866
70867
70872
70878
70881
70897
70901
70906
70907
70908
70937
70941
70946
70958
70970
70973
70975
70980
70983
70987
70993
71008
71013
71026
71047
71048
71051
71052
71053
71061
71070
71071
71078
71083
71093
71102
71123
71124
71131
71146
71161
71166
71170
71180
71181
71184
71207
71209
71212
71217
71219
71249
71255
71270
71272
71287
71288
71294
71301
71305
71309
71311
71312
71322
71331
71342
71346
71354
71361
71372
71392
71402
71407
71411
71415
71445
71451
71456
71461
71462
71470
71475
71493
71500
71508
71529
71531
71533
71534
71537
71541
71548
71565
71573
71581
71583
71597
71608
71615
71617
71622
71625
71651
71652
71656
71657
71658
71667
71681
71682
71686
71696
71705
71707
71720
71744
71758
71775
71776
71784
71787
71800
71802
71809
71810
71823
71826
71852
71854
71865
71876
71898
71905
71910
71913
71915
71923
71926
71931
71954
71958
71967
71974
71981
72000
72004
72009
72010
72011
72023
72029
72039
72044
72045
72057
72063
72067
72079
72084
72097
72102
72108
72113
72122
72126
72128
72131
72139
72143
72148
72153
72161
72164
72166
72171
72206
72215
72220
72221
72226
72230
72231
72232
72233
72234
72236
72239
72243
72244
72245
72246
72247
72248
72249
72251
72252
72254
72255
72257
72265
72270
72278
72281
72282
72298
72304
72309
72317
72318
72328
72336
72360
72365
72369
72388
72392
72394
72402
72404
72406
72414
72416
72418
72424
72426
72432
72438
72439
72442
72444
72445
72448
72450
72454
72456
72461
72471
72490
72498
72503
72506
72507
72510
72513
72516
72518
72524
72527
72533
72537
72540
72544
72545
72548
72551
72555
72563
72566
72567
72573
72575
72584
72591
72597
72602
72604
72607
72612
72618
72622
72623
72624
72626
72641
72644
72645
72648
72649
72650
72652
72654
72656
72658
72659
72660
72663
72664
72665
72666
72667
72671
72672
72673
72674
72675
72676
72679
72684
72686
72694
72702
72703
72709
72722
72730
72741
72744
72748
72756
72759
72762
72772
72789
72809
72820
72824
72840
72843
72857
72867
72870
72882
72884
72894
72907
72914
72922
72963
72986
72994
73022
73023
73041
73051
73060
73065
73072
73092
73100
73102
73127
73135
73141
73142
73144
73146
73160
73161
73167
73175
73180
73187
73190
73193
73197
73209
73217
73220
73231
73235
73239
73241
73256
73261
73280
73291
73295
73305
73316
73323
73325
73329
73330
73336
73337
73344
73347
73354
73361
73371
73378
73390
73393
73396
73403
73413
73419
73420
73437
73442
73454
73461
73465
73472
73475
73502
73507
73513
73523
73528
73535
73540
73546
73549
73557
73568
73577
73579
73580
73586
73593
73598
73617
73622
73627
73628
73637
73639
73642
73644
73675
73684
73695
73699
73710
73713
73717
73724
73735
73741
73742
73744
73750
73754
73767
73778
73786
73795
73804
73809
73817
73823
73846
73857
73862
73865
73879
73884
73886
73892
73899
73903
73908
73918
73919
73931
73935
73941
73947
73950
73954
73958
73960
74022
74032
74043
74045
74051
74054
74058
74065
74084
74128
74131
74133
74139
74140
74141
74142
74150
74159
74165
74175
74177
74178
74186
74204
74205
74208
74214
74216
74219
74240
74255
74257
74265
74271
74278
74288
74290
74297
74318
74321
74324
74333
74339
74359
74364
74365
74375
74382
74385
74389
74414
74445
74458
74465
74469
74482
74485
74492
74500
74503
74504
74535
74537
74546
74556
74564
74566
74573
74585
74589
74592
74604
74609
74614
74616
74622
74627
74636
74642
74649
74667
74673
74674
74675
74705
74719
74723
74737
74746
74755
74760
74767
74781
74785
74796
74798
74801
74803
74804
74807
74808
74832
74841
74846
74852
74856
74859
74866
74871
74904
74905
74906
74917
74920
74927
74935
74939
74943
74944
74953
74958
74969
74973
74977
74978
74983
74996
75014
75015
75030
75037
75041
75050
75058
75059
75065
75070
75071
75074
75075
75093
75103
75114
75119
75121
75129
75130
75136
75142
75152
75156
75161
75170
75177
75186
75187
75190
75197
75213
75223
75228
75236
75245
75260
75269
75278
75286
75295
75303
75304
75314
75326
75333
75343
75358
75365
75366
75369
75371
75372
75373
75378
75382
75392
75393
75394
75409
75416
75446
75447
75448
75451
75466
75475
75479
75485
75488
75512
75520
75561
75565
75569
75571
75585
75589
75593
75609
75612
75626
75629
75636
75639
75643
75652
75658
75693
75715
75764
75796
75831
75859
75878
75919
75960
75971
75988
75993
75996
75997
75998
75999
76005
76007
76010
76011
76015
76016
76017
76019
76020
76021
76023
76024
76025
76027
76030
76040
76043
76054
76070
76073
76083
76096
76110
76112
76119
76120
76123
76128
76132
76141
76144
76152
76156
76162
76169
76175
76180
76190
76193
76197
76200
76205
76206
76210
76213
76224
76227
76232
76250
76252
76260
76265
76266
76268
76274
76277
76282
76286
76292
76300
76303
76311
76318
76319
76327
76337
76343
76358
76369
76378
76380
76385
76390
76392
76396
76405
76411
76412
76414
76420
76425
76427
76431
76443
76446
76459
76471
76473
76484
76493
76513
76520
76537
76556
76566
76572
76579
76590
76591
76603
76607
76610
76611
76618
76626
76634
76643
76659
76670
76672
76676
76684
76685
76697
76703
76705
76708
76718
76724
76728
76731
76759
76761
76762
76763
76781
76791
76792
76793
76814
76835
76861
76871
76877
76879
76881
76931
76980
76983
77016
77017
77039
77040
77041
77043
77047
77053
77065
77066
77067
77069
77073
77086
77131
77148
77149
77152
77163
77168
77174
77184
77187
77190
77214
77221
77226
77232
77238
77241
77250
77261
77273
77303
77307
77317
77325
77330
77331
77335
77336
77337
77339
77346
77350
77352
77366
77369
77377
77378
77385
77387
77391
77392
77395
77409
77413
77416
77422
77430
77433
77443
77445
77450
77463
77465
77471
77473
77477
77480
77502
77526
77541
77545
77557
77594
77612
77618
77624
77635
77645
77653
77668
77669
77670
77674
77680
77704
77712
77751
77779
77796
77797
77798
77799
77802
77803
77805
77815
77825
77827
77835
77839
77850
77872
77880
77886
77889
77904
77913
77918
77928
77933
77939
77940
77948
77977
77979
77982
77986
77990
77995
78003
78004
78010
78045
78071
78083
78089
78097
78134
78140
78143
78148
78154
78155
78164
78168
78185
78198
78220
78228
78243
78252
78255
78277
78284
78285
78288
78290
78295
78302
78305
78314
78327
78336
78340
78354
78357
78363
78368
78375
78378
78381
78384
78390
78404
78409
78451
78458
78466
78470
78514
78517
78523
78524
78526
78532
78537
78541
78547
78590
78607
78609
78619
78620
78624
78625
78631
78647
78648
78664
78666
78674
78675
78680
78682
78690
78698
78707
78717
78734
78738
78744
78750
78751
78753
78762
78768
78772
78773
78787
78790
78798
78825
78828
78832
78842
78846
78853
78868
78869
78871
78872
78874
78886
78896
78902
78920
78927
78929
78934
78948
78951
78962
78969
78984
78993
78994
79049
79053
79062
79070
79083
79086
79089
79095
79098
79100
79110
79117
79118
79138
79140
79144
79146
79147
79155
79156
79171
79197
79208
79216
79217
79238
79247
79266
79278
79279
79282
79287
79294
79300
79301
79310
79312
79348
79354
79363
79364
79367
79380
79400
79405
79422
79453
79468
79471
79474
79485
79492
79499
79501
79506
79508
79514
79527
79529
79534
79543
79544
79546
79560
79563
79574
79585
79597
79613
79618
79638
79642
79643
79650
79661
79662
79666
79667
79670
79676
79681
79697
79702
79703
79725
79727
79728
79729
79739
79750
79753
79782
79789
79797
79804
79809
79834
79838
79839
79841
79842
79843
79876
79884
79889
79893
79897
79898
79912
79915
79927
79929
79933
79936
79940
79943
79951
79964
79969
79972
79973
79975
79978
79985
79997
80012
80018
80041
80053
80058
80075
80082
80090
80096
80119
80126
80127
80135
80137
80146
80152
80154
80161
80186
80203
80208
80211
80220
80232
80235
80238
80243
80246
80256
80260
80269
80273
80298
80301
80313
80314
80325
80334
80340
80398
80405
80409
80414
80422
80441
80445
80448
80460
80462
80470
80479
80486
80490
80500
80515
80519
80530
80538
80553
80554
80562
80569
80573
80589
80600
80609
80614
80620
80621
80630
80633
80654
80658
80659
80661
80682
80685
80686
80696
80713
80716
80734
80740
80771
80883
80892
80900
80936
80941
80953
80969
80980
80986
80989
81006
81020
81024
81051
81056
81058
81060
81061
81066
81136
81137
81142
81145
81153
81155
81163
81164
81185
81192
81198
81205
81208
81214
81219
81220
81223
81237
81245
81248
81255
81258
81266
81267
81268
81269
81270
81271
81274
81281
81284
81286
81288
81292
81300
81306
81307
81312
81314
81316
81319
81323
81341
81352
81361
81384
81409
81420
81425
81431
81438
81440
81453
81459
81461
81462
81468
81473
81479
81483
81494
81495
81501
81505
81514
81518
81522
81527
81530
81538
81543
81553
81586
81599
81610
81616
81628
81634
81646
81652
81658
81662
81667
81676
81677
81682
81691
81692
81704
81711
81715
81727
81736
81738
81746
81766
81770
81771
81778
81782
81783
81784
81811
81825
81831
81833
81842
81851
81853
81866
81876
81881
81897
81903
81909
81915
81916
81917
81919
81948
81951
81953
81972
81981
81982
81994
81998
82001
82018
82024
82033
82034
82048
82050
82073
82109
82116
82118
82119
82135
82136
82138
82157
82158
82159
82162
82203
82213
82214
82221
82226
82232
82234
82242
82252
82273
82279
82284
82299
82300
82304
82313
82322
82333
82344
82349
82358
82362
82370
82376
82380
82381
82383
82453
82454
82458
82462
82468
82482
82483
82486
82493
82499
82506
82512
82516
82523
82539
82554
82572
82583
82590
82591
82592
82604
82605
82607
82626
82627
82636
82644
82659
82665
82666
82671
82678
82680
82686
82707
82715
82718
82719
82739
82763
82776
82785
82788
82791
82801
82807
82818
82823
82825
82831
82844
82855
82863
82868
82873
82878
82879
82883
82891
82899
82901
82903
82905
82913
82921
82923
82950
82952
82965
82980
82990
82993
82998
83007
83008
83029
83030
83036
83037
83038
83051
83052
83055
83058
83060
83065
83070
83084
83089
83091
83102
83103
83110
83117
83119
83120
83135
83140
83150
83156
83160
83166
83173
83174
83179
83183
83187
83193
83197
83201
83209
83214
83227
83235
83242
83246
83252
83256
83260
83269
83270
83278
83280
83283
83285
83291
83321
83353
83356
83357
83365
83369
83372
83375
83380
83383
83415
83418
83422
83426
83433
83447
83451
83455
83464
83469
83470
83488
83497
83501
83508
83519
83533
83534
83535
83545
83551
83561
83564
83566
83574
83576
83580
83582
83589
83594
83600
83604
83606
83612
83613
83618
83622
83640
83656
83672
83685
83686
83688
83694
83698
83709
83710
83712
83713
83714
83722
83736
83738
83741
83743
83748
83762
83772
83777
83779
83784
83801
83810
83812
83814
83838
83842
83855
83858
83863
83914
83920
83929
83933
83947
83960
83967
83980
83990
83995
84011
84020
84025
84027
84053
84057
84058
84075
84094
84100
84106
84114
84124
84127
84138
84211
84212
84214
84222
84223
84235
84240
84248
84262
84264
84274
84288
84304
84311
84337
84353
84355
84368
84375
84392
84394
84400
84403
84411
84420
84441
84453
84464
84480
84485
84486
84491
84500
84505
84506
84513
84520
84533
84539
84552
84556
84568
84575
84578
84583
84586
84600
84604
84608
84614
84617
84645
84650
84651
84655
84667
84671
84678
84680
84700
84701
84706
84715
84723
84732
84738
84740
84753
84767
84770
84788
84804
84812
84814
84821
84842
84858
84869
84876
84882
84885
84889
84892
84898
84905
84909
84916
84920
84924
84928
84932
84944
84949
84961
84963
84965
84966
84977
84981
84991
84999
85004
85021
85058
85064
85076
85077
85085
85099
85132
85139
85159
85170
85190
85201
85214
85216
85219
85226
85229
85245
85262
85270
85277
85284
85296
85298
85309
85310
85323
85324
85339
85340
85356
85361
85364
85366
85388
85391
85398
85413
85416
85429
85430
85435
85441
85442
85450
85459
85460
85471
85476
85521
85523
85526
85529
85532
85540
85549
85550
85556
85557
85560
85562
85570
85578
85582
85583
85585
85592
85603
85612
85615
85616
85617
85618
85620
85626
85639
85641
85664
85673
85676
85677
85682
85688
85691
85703
85705
85710
85713
85721
85724
85731
85743
85749
85765
85768
85769
85777
85781
85784
85787
85793
85798
85804
85808
85810
85813
85814
85872
85916
85921
85924
85929
85956
85960
85965
85967
85985
85997
86006
86016
86028
86029
86033
86034
86035
86055
86057
86060
86063
86068
86069
86073
86074
86088
86108
86110
86117
86134
86135
86136
86138
86143
86147
86165
86166
86176
86186
86188
86203
86206
86216
86228
86234
86238
86244
86249
86253
86300
86332
86374
86419
86456
86486
86488
86489
86490
86491
86492
86494
86503
86554
86561
86565
86576
86584
86589
86604
86613
86620
86623
86633
86634
86635
86638
86649
86657
86663
86667
86668
86676
86682
86683
86692
86719
86721
86729
86731
86741
86745
86748
86754
86755
86756
86762
86801
86804
86809
86812
86816
86817
86822
86824
86848
86862
86868
86881
86882
86886
86890
86932
86935
86952
86980
86987
87000
87005
87008
87014
87019
87035
87036
87052
87054
87060
87064
87065
87067
87072
87075
87081
87088
87090
87094
87097
87103
87111
87116
87128
87140
87152
87155
87168
87175
87176
87177
87178
87179
87185
87188
87191
87194
87218
87222
87223
87237
87240
87256
87260
87262
87264
87266
87272
87274
87281
87284
87304
87307
87314
87319
87320
87328
87330
87340
87346
87378
87379
87394
87400
87402
87404
87412
87424
87427
87435
87440
87445
87451
87460
87466
87473
87512
87514
87522
87535
87542
87552
87557
87565
87576
87591
87599
87601
87602
87605
87617
87623
87624
87626
87629
87644
87645
87649
87654
87655
87672
87675
87676
87679
87683
87687
87688
87695
87710
87718
87722
87727
87730
87736
87737
87740
87757
87759
87761
87765
87776
87777
87778
87779
87789
87795
87801
87812
87814
87820
87823
87835
87861
87864
87869
87874
87875
87876
87888
87894
87897
87906
87912
87914
87927
87929
87940
87961
87964
87965
87969
87970
87972
87973
87974
87976
87979
87980
87987
87989
87994
87996
87997
87998
88015
88023
88027
88033
88037
88042
88053
88054
88059
88060
88071
88083
88090
88096
88099
88100
88104
88120
88135
88175
88184
88186
88202
88206
88212
88213
88215
88217
88224
88225
88226
88228
88232
88240
88248
88250
88256
88258
88266
88274
88287
88304
88305
88308
88314
88322
88329
88337
88354
88355
88373
88374
88379
88382
88383
88390
88396
88399
88400
88410
88411
88416
88425
88433
88440
88449
88455
88459
88467
88478
88484
88492
88494
88500
88502
88511
88520
88522
88526
88534
88562
88568
88570
88580
88586
88594
88595
88596
88598
88602
88603
88607
88611
88614
88626
88629
88645
88661
88669
88671
88676
88685
88688
88697
88703
88707
88713
88714
88716
88722
88724
88725
88726
88730
88733
88735
88736
88748
88754
88759
88766
88767
88772
88779
88792
88799
88816
88835
88844
88852
88857
88867
88876
88895
88896
88906
88924
88929
88938
88941
88945
88950
88967
88978
88983
88986
88995
89003
89006
89014
89027
89028
89032
89039
89040
89045
89053
89062
89068
89074
89085
89099
89101
89104
89106
89109
89112
89115
89116
89127
89128
89141
89143
89144
89147
89148
89165
89167
89172
89176
89178
89189
89199
89205
89214
89217
89228
89231
89237
89238
89245
89246
89258
89262
89270
89287
89293
89296
89299
89300
89306
89309
89324
89329
89332
89336
89338
89349
89355
89357
89358
89365
89367
89369
89373
89378
89382
89392
89398
89405
89410
89422
89433
89456
89462
89472
89475
89477
89484
89486
89488
89494
89498
89505
89517
89529
89532
89537
89542
89562
89570
89572
89574
89583
89584
89585
89593
89604
89621
89623
89624
89625
89628
89632
89640
89644
89652
89659
89662
89664
89665
89672
89676
89682
89687
89698
89705
89706
89711
89730
89745
89753
89761
89763
89766
89778
89802
89810
89820
89831
89839
89851
89865
89873
89883
89884
89886
89890
89894
89898
89902
89903
89913
89929
89931
89934
89935
89945
89970
89983
90005
90066
90082
90084
90116
90123
90124
90130
90155
90156
90167
90183
90191
90207
90215
90216
90222
90264
90274
90283
90290
90295
90298
90308
90312
90340
90345
90350
90362
90366
90381
90383
90384
90386
90390
90397
90404
90405
90410
90415
90423
90427
90428
90436
90459
90471
90481
90482
90492
90496
90505
90512
90514
90518
90520
90521
90605
90614
90628
90631
90633
90637
90642
90644
90668
90674
90683
90697
90701
90710
90722
90778
90788
90802
90809
90819
90849
90855
90861
90867
90871
90882
90903
90905
90922
90924
90925
90934
90939
90952
90993
90995
91013
91019
91022
91030
91033
91036
91040
91043
91056
91059
91061
91072
91073
91078
91079
91084
91085
91086
91088
91095
91097
91103
91110
91115
91117
91127
91132
91133
91136
91141
91146
91173
91188
91198
91203
91207
91208
91211
91214
91221
91226
91233
91241
91242
91255
91261
91269
91270
91278
91283
91291
91292
91303
91309
91310
91336
91342
91348
91363
91366
91370
91373
91392
91402
91406
91412
91420
91427
91447
91455
91483
91485
91486
91487
91501
91502
91514
91527
91533
91539
91576
91579
91590
91598
91637
91640
91656
91658
91664
91670
91671
91673
91677
91685
91689
91729
91735
91737
91741
91746
91750
91757
91764
91765
91769
91770
91776
91784
91785
91791
91798
91819
91820
91823
91824
91826
91829
91830
91834
91835
91848
91849
91858
91877
91885
91887
91891
91898
91912
91915
91926
91943
91946
91954
91964
91978
91981
92024
92028
92039
92062
92070
92072
92082
92086
92092
92097
92114
92117
92118
92128
92144
92156
92169
92175
92176
92186
92202
92209
92224
92225
92231
92234
92246
92250
92257
92262
92269
92280
92301
92305
92313
92314
92323
92329
92330
92332
92334
92338
92340
92345
92348
92352
92358
92370
92377
92406
92409
92411
92422
92431
92434
92435
92438
92456
92475
92478
92485
92508
92512
92518
92526
92533
92535
92572
92580
92582
92583
92586
92598
92601
92621
92623
92639
92648
92655
92670
92673
92674
92679
92684
92711
92717
92724
92733
92736
92742
92746
92753
92755
92759
92776
92788
92801
92812
92815
92820
92821
92823
92828
92829
92839
92840
92842
92845
92854
92858
92864
92887
92897
92898
92911
92916
92931
92932
92933
92934
92936
92937
92942
92958
92961
92963
92972
92977
92987
93002
93010
93025
93042
93044
93048
93050
93057
93060
93061
93067
93074
93077
93086
93095
93096
93099
93106
93118
93129
93135
93140
93141
93142
93164
93165
93166
93172
93179
93185
93189
93191
93203
93210
93220
93222
93242
93243
93244
93254
93269
93273
93274
93299
93313
93329
93335
93338
93342
93343
93345
93349
93357
93359
93370
93378
93390
93393
93399
93423
93431
93448
93456
93460
93463
93465
93482
93499
93511
93518
93524
93528
93537
93544
93548
93565
93569
93570
93572
93592
93597
93600
93615
93621
93655
93658
93660
93698
93709
93715
93717
93737
93740
93758
93763
93776
93780
93786
93790
93798
93805
93809
93814
93818
93822
93847
93848
93862
93865
93879
93883
93895
93897
93918
93927
93948
93971
93975
93989
93992
93997
93999
94009
94016
94020
94025
94043
94055
94059
94071
94079
94086
94089
94093
94096
94097
94108
94125
94126
94132
94134
94135
94141
94144
94156
94158
94160
94164
94165
94173
94180
94197
94205
94208
94211
94220
94225
94229
94236
94242
94244
94248
94249
94259
94272
94276
94284
94287
94288
94293
94303
94318
94331
94334
94337
94339
94356
94358
94366
94370
94375
94379
94383
94386
94390
94394
94423
94424
94429
94431
94440
94446
94456
94462
94469
94477
94497
94533
94543
94546
94568
94569
94583
94585
94590
94599
94608
94609
94620
94632
94664
94666
94670
94680
94688
94689
94692
94696
94715
94718
94720
94732
94737
94742
94744
94751
94752
94761
94764
94767
94768
94772
94777
94784
94790
94791
94795
94807
94813
94827
94836
94838
94849
94850
94852
94853
94854
94861
94874
94893
94905
94910
94918
94919
94920
94924
94927
94932
94940
94952
94956
94963
94971
94975
94987
95002
95013
95016
95024
95037
95038
95039
95041
95044
95046
95049
95053
95054
95057
95071
95080
95084
95090
95095
95105
95108
95142
95151
95155
95159
95172
95179
95184
95195
95208
95216
95230
95245
95263
95271
95275
95276
95299
95300
95303
95304
95310
95313
95317
95319
95325
95329
95331
95334
95342
95343
95344
95347
95348
95349
95350
95356
95363
95368
95373
95401
95406
95410
95413
95423
95429
95436
95437
95442
95449
95453
95459
95462
95465
95467
95472
95485
95489
95503
95506
95520
95523
95527
95538
95548
95550
95557
95568
95577
95580
95582
95588
95593
95594
95596
95597
95608
95613
95618
95621
95625
95631
95645
95647
95650
95651
95664
95665
95668
95670
95686
95691
95705
95708
95712
95719
95721
95729
95743
95755
95762
95764
95777
95778
95787
95792
95793
95794
95798
95800
95839
95843
95848
95852
95855
95872
95883
95891
95908
95922
95930
95937
95938
95943
95944
95948
95949
95955
95959
95972
95977
95981
95993
95996
95997
96004
96007
96009
96011
96012
96015
96017
96025
96027
96037
96041
96044
96055
96058
96063
96069
96071
96072
96086
96088
96093
96096
96098
96105
96107
96110
96116
96124
96168
96197
96204
96208
96209
96216
96217
96222
96231
96237
96246
96250
96257
96261
96338
96347
96357
96378
96379
96381
96392
96396
96403
96405
96415
96420
96422
96427
96430
96434
96445
96451
96454
96455
96457
96461
96464
96469
96472
96474
96492
96501
96505
96516
96518
96519
96520
96535
96540
96693
96695
96705
96709
96710
96736
96741
96743
96750
96757
96765
96770
96785
96787
96794
96799
96832
96845
96875
96894
96901
96903
96907
96908
96910
96914
96918
96931
96941
96942
96956
96964
96971
96973
96980
96986
96999
97006
97011
97018
97024
97031
97034
97040
97044
97046
97049
97050
97053
97055
97058
97060
97070
97079
97080
97081
97086
97102
97110
97118
97120
97130
97137
97145
97176
97179
97181
97187
97223
97225
97238
97241
97244
97247
97250
97251
97253
97255
97257
97268
97270
97278
97297
97300
97304
97320
97321
97326
97329
97334
97341
97345
97350
97354
97366
97370
97371
97374
97377
97380
97384
97388
97391
97393
97398
97402
97406
97411
97417
97429
97431
97437
97442
97447
97450
97456
97466
97473
97474
97478
97482
97485
97493
97498
97509
97522
97525
97529
97530
97531
97534
97540
97555
97560
97563
97577
97591
97594
97599
97618
97627
97635
97648
97658
97670
97677
97682
97685
97688
97694
97696
97698
97699
97709
97710
97714
97723
97727
97730
97746
97762
97766
97784
97796
97801
97804
97820
97822
97825
97839
97840
97842
97843
97850
97857
97862
97865
97868
97873
97878
97879
97895
97904
97917
97922
97926
97937
97942
97951
97976
97978
97980
97990
97993
97996
97999
98022
98029
98034
98041
98043
98044
98045
98052
98065
98075
98088
98113
98121
98131
98133
98135
98139
98145
98163
98168
98171
98181
98182
98195
98196
98197
98222
98226
98233
98235
98281
98288
98292
98293
98301
98302
98308
98314
98322
98334
98336
98346
98349
98351
98355
98363
98375
98381
98383
98393
98402
98405
98408
98412
98415
98421
98424
98428
98429
98431
98432
98439
98442
98445
98451
98458
98459
98463
98472
98503
98506
98507
98517
98519
98531
98533
98539
98543
98546
98571
98574
98581
98583
98593
98595
98603
98633
98640
98664
98667
98672
98679
98688
98702
98710
98716
98722
98731
98732
98733
98741
98748
98759
98766
98773
98778
98785
98819
98828
98829
98831
98874
98886
98887
98889
98897
98920
98922
98946
98952
98959
98960
98962
98967
98972
98977
99001
99011
99013
99022
99024
99028
99030
99033
99035
99037
99039
99045
99048
99052
99059
99061
99065
99069
99077
99084
99087
99088
99091
99095
99101
99129
99136
99141
99142
99145
99147
99149
99152
99156
99157
99166
99176
99178
99185
99201
99205
99206
99209
99210
99215
99219
99222
99233
99238
99242
99248
99251
99253
99256
99259
99279
99286
99292
99297
99302
99304
99309
99327
99328
99331
99345
99348
99356
99357
99362
99363
99364
99366
99372
99373
99377
99383
99385
99387
99392
99395
99399
99402
99405
99408
99413
99428
99431
99434
99443
99455
99461
99464
99469
99473
99474
99478
99482
99494
99498
99506
99512
99514
99516
99542
99567
99577
99578
99583
99587
99600
99617
99620
99621
99640
99642
99651
99657
99658
99662
99667
99668
99669
99680
99681
99683
99684
99689
99694
99701
99709
99717
99720
99723
99730
99735
99748
99753
99767
99772
99777
99780
99787
99792
99801
99804
99809
99811
99812
99821
99822
99829
99843
99846
99882
99886
99899
99904
99910
99911
99934
99941
99946
99948
99950
99961
99966
99969
99970
99971
99979
99980
99982
99991
99997
100000
100002
100005
100010
100013
100015
100018
100019
100020
100024
100031
100039
100043
100045
100051
100053
100054
100065
100068
100072
100076
100077
100078
100085
100087
100094
100103
100106
100109
100111
100116
100118
100122
100127
100137
100140
100148
100151
100152
100159
100164
100170
100173
100175
100179
100182
100184
100186
100187
100194
100200
100207
100213
100218
100219
100220
100225
100231
100232
100233
100237
100250
100254
100260
100264
100267
100269
100271
100274
100275
100279
100282
100285
100291
100293
100303
100311
100314
100316
100327
100328
100331
100333
100335
100336
100340
100342
100347
100349
100363
100369
100375
100383
100386
100397
100399
100402
100408
100414
100425
100430
100433
100441
100451
100459
100465
100466
100480
100482
100487
100492
100496
100503
100515
100520
100531
100538
100546
100559
100574
100578
100581
100591
100603
100610
100612
100614
100616
100617
100621
100622
100623
100628
100637
100643
100648
100661
100672
100687
100695
100711
100732
100744
100747
100748
100756
100763
100764
100770
100774
100779
100781
100786
100800
100808
100810
100812
100819
100822
100823
100826
100832
100833
100841
100842
100849
100855
100862
100870
100878
100888
100889
100897
100900
100913
100923
100926
100930
100946
100948
100952
100955
100969
100970
100973
100974
100976
100982
100984
100999
101003
101013
101015
101022
101026
101044
101049
101051
101057
101068
101096
101101
101106
101111
101113
101115
101117
101125
101127
101140
101141
101154
101157
101161
101175
101198
101200
101208
101223
101230
101252
101263
101278
101289
101290
101298
101302
101309
101310
101321
101329
101332
101334
101335
101336
101337
101341
101346
101348
101359
101363
101368
101375
101384
101391
101396
101412
101415
101421
101422
101424
101431
101432
101433
101436
101437
101438
101441
101442
101447
101451
101457
101461
101462
101468
101472
101480
101485
101497
101498
101501
101514
101519
101525
101530
101534
101543
101554
101564
101565
101569
101571
101583
101591
101596
101599
101616
101626
101628
101629
101631
101632
101634
101640
101645
101651
101657
101660
101665
101666
101668
101669
101684
101685
101693
101695
101708
101713
101725
101727
101754
101762
101775
101779
101846
101852
101856
101861
101873
101875
101876
101880
101889
101893
101899
101919
101920
101924
101931
101942
101950
101956
101960
101965
101973
101976
101986
102006
102014
102034
102037
102042
102044
102049
102051
102054
102073
102080
102083
102098
102112
102124
102128
102136
102144
102150
102153
102163
102179
102187
102199
102202
102215
102229
102235
102246
102250
102255
102265
102273
102278
102281
102283
102287
102293
102295
102300
102302
102306
102309
102313
102321
102331
102347
102358
102368
102380
102386
102397
102405
102408
102414
102417
102421
102424
102426
102430
102433
102436
102437
102438
102439
102440
102441
102443
102444
102445
102447
102449
102451
102452
102454
102456
102473
102474
102476
102494
102500
102502
102504
102526
102530
102531
102536
102537
102538
102549
102558
102562
102571
102583
102584
102587
102588
102590
102593
102596
102599
102604
102612
102651
102666
102668
102674
102677
102682
102685
102687
102689
102692
102694
102701
102716
102729
102735
102741
102747
102781
102786
102792
102799
102814
102820
102822
102840
102843
102849
102852
102853
102854
102861
102875
102876
102881
102898
102903
102909
102920
102922
102925
102947
102948
102949
102954
102957
102959
102965
102969
102979
102991
103001
103008
103009
103028
103034
103036
103038
103047
103056
103061
103069
103071
103077
103081
103085
103087
103098
103103
103106
103111
103112
103117
103119
103122
103126
103130
103133
103141
103170
103174
103175
103179
103188
103206
103210
103241
103245
103257
103265
103267
103276
103277
103279
103286
103295
103309
103312
103316
103320
103323
103325
103326
103327
103331
103337
103339
103341
103347
103352
103397
103403
103407
103427
103463
103478
103482
103495
103510
103512
103514
103545
103566
103571
103572
103610
103637
103643
103644
103645
103650
103662
103667
103673
103675
103694
103697
103699
103704
103709
103742
103747
103755
103759
103761
103763
103764
103768
103780
103801
103812
103819
103823
103827
103834
103858
103864
103865
103868
103869
103875
103877
103879
103881
103898
103902
103903
103914
103917
103939
103949
103954
103966
103967
103976
103981
103984
103987
103990
103996
103997
104015
104018
104022
104043
104045
104060
104061
104076
104085
104089
104092
104106
104120
104123
104124
104125
104141
104152
104159
104160
104174
104180
104185
104187
104189
104190
104192
104197
104201
104210
104211
104216
104221
104234
104239
104241
104242
104250
104261
104265
104272
104282
104288
104293
104299
104302
104310
104315
104317
104323
104326
104327
104331
104332
104334
104341
104342
104355
104365
104367
104389
104397
104398
104401
104408
104416
104421
104424
104430
104432
104436
104448
104451
104452
104460
104461
104464
104465
104471
104473
104478
104481
104485
104488
104493
104496
104501
104510
104522
104523
104535
104543
104545
104559
104563
104566
104576
104581
104592
104598
104604
104619
104622
104627
104635
104637
104639
104645
104648
104649
104654
104665
104666
104667
104669
104671
104672
104678
104682
104688
104692
104693
104696
104697
104706
104707
104724
104727
104729
104736
104762
104763
104764
104769
104772
104779
104780
104782
104784
104787
104790
104800
104806
104815
104818
104822
104823
104824
104825
104829
104833
104859
104871
104880
104883
104898
104900
104901
104909
104919
104921
104925
104945
104947
104958
104970
104973
104978
104983
104987
104989
105020
105028
105030
105036
105041
105052
105058
105062
105068
105069
105070
105099
105103
105132
105143
105147
105149
105154
105161
105163
105168
105175
105179
105191
105198
105209
105211
105232
105235
105236
105241
105247
105249
105257
105266
105273
105276
105277
105282
105285
105292
105305
105314
105317
105318
105333
105340
105342
105347
105358
105364
105368
105370
105384
105386
105393
105409
105412
105425
105432
105436
105441
105443
105448
105462
105482
105485
105496
105512
105513
105518
105519
105520
105525
105539
105543
105550
105559
105567
105568
105571
105583
105589
105599
105604
105608
105625
105626
105630
105633
105644
105647
105648
105650
105653
105677
105678
105686
105688
105690
105695
105698
105705
105711
105712
105714
105719
105726
105729
105746
105747
105750
105759
105766
105777
105784
105795
105806
105807
105813
105826
105830
105832
105837
105872
105886
105897
105901
105904
105916
105921
105924
105927
105928
105937
105946
105966
105979
105980
105986
105989
105990
105997
106002
106007
106014
106016
106017
106025
106032
106044
106045
106049
106050
106051
106054
106059
106060
106064
106068
106072
106080
106092
106095
106103
106112
106113
106142
106146
106147
106148
106152
106157
106174
106176
106192
106208
106221
106225
106229
106232
106240
106263
106274
106283
106294
106302
106306
106311
106319
106321
106322
106329
106330
106331
106341
106344
106361
106376
106379
106381
106382
106388
106389
106402
106407
106409
106428
106450
106453
106454
106469
106475
106478
106482
106488
106489
106491
106498
106505
106512
106514
106521
106527
106530
106543
106554
106558
106574
106575
106582
106591
106598
106608
106609
106610
106616
106619
106622
106623
106624
106632
106636
106637
106652
106659
106663
106670
106674
106679
106703
106713
106726
106734
106735
106741
106746
106757
106765
106772
106805
106807
106821
106825
106826
106829
106830
106831
106847
106851
106855
106868
106870
106878
106887
106895
106904
106920
106939
106960
106974
106984
106986
107007
107020
107034
107071
107076
107086
107102
107107
107112
107116
107120
107135
107138
107151
107154
107155
107159
107170
107175
107223
107227
107228
107234
107247
107258
107264
107265
107270
107274
107279
107280
107287
107295
107297
107298
107299
107303
107313
107317
107323
107327
107337
107338
107357
107359
107361
107386
107388
107397
107422
107431
107440
107442
107443
107444
107451
107467
107470
107472
107478
107482
107490
107493
107502
107504
107508
107510
107511
107512
107514
107520
107521
107523
107524
107525
107528
107538
107540
107543
107548
107555
107561
107562
107566
107568
107571
107573
107574
107575
107577
107582
107591
107601
107603
107604
107606
107608
107610
107613
107623
107627
107628
107642
107648
107653
107657
107659
107663
107673
107675
107676
107678
107682
107684
107685
107686
107689
107690
107691
107692
107695
107700
107703
107705
107735
107769
107771
107772
107773
107787
107801
107802
107809
107818
107822
107823
107827
107833
107835
107874
107876
107877
107878
107879
107887
107890
107898
107900
107902
107906
107910
107918
107936
107937
107940
107945
107949
107950
107953
107958
107977
107980
107982
107983
107985
107986
107987
107989
107994
107995
108011
108014
108015
108020
108029
108030
108035
108037
108049
108056
108059
108063
108064
108068
108070
108071
108072
108073
108077
108078
108080
108081
108082
108084
108088
108099
108105
108109
108114
108117
108120
108124
108127
108130
108138
108144
108146
108149
108152
108156
108160
108173
108177
108179
108182
108185
108190
108191
108197
108198
108200
108209
108216
108219
108220
108221
108225
108226
108227
108229
108230
108231
108235
108244
108245
108248
108250
108252
108254
108255
108260
108262
108263
108264
108265
108267
108268
108273
108277
108279
108280
108281
108284
108285
108287
108288
108289
108290
108304
108307
108308
108314
108317
108318
108325
108328
108336
108340
108343
108346
108347
108358
108359
108360
108364
108365
108377
108390
108394
108403
108404
108408
108409
108412
108414
108417
108420
108423
108426
108427
108433
108434
108435
108445
108447
108449
108455
108459
108463
108468
108469
108470
108476
108481
108484
108500
108502
108503
108504
108509
108510
108511
108512
108514
108520
108523
108524
108530
108531
108534
108536
108538
108541
108547
108554
108557
108559
108565
108566
108573
108585
108589
108598
108602
108615
108619
108620
108621
108623
108633
108636
108637
108641
108643
108648
108660
108661
108664
108673
108675
108677
108679
108683
108684
108694
108699
108700
108701
108703
108708
108711
108714
108718
108719
108721
108723
108724
108726
108728
108729
108732
108733
108735
108736
108737
108739
108742
108745
108749
108755
108756
108759
108760
108766
108774
108776
108779
108780
108790
108799
108800
108804
108805
108806
108810
108851
108852
108853
108854
108857
108858
108861
108864
108873
108876
108877
108879
108880
108881
108883
108888
108894
108903
108907
108910
108911
108913
108916
108917
108924
108925
108926
108929
108938
108942
108948
108956
108958
108964
108965
108966
108974
108983
108984
108988
108990
108992
108993
108994
109006
109012
109015
109019
109023
109027
109034
109046
109049
109050
109051
109060
109065
109071
109075
109080
109090
109098
109103
109108
109109
109112
109114
109124
109127
109128
109131
109132
109133
109151
109152
109154
109161
109162
109166
109171
109173
109176
109180
109181
109183
109185
109187
109188
109189
109193
109199
109204
109209
109211
109212
109216
109217
109219
109221
109222
109223
109225
109226
109227
109228
109243
109244
109252
109256
109257
109259
109260
109262
109263
109265
109311
109312
109313
109317
109354
109358
109362
109363
109366
109369
109409
109411
109414
109436
109439
109455
109456
109457
109458
109459
109460
109461
109512
109547
109551
109563
109565
109579
109617
109625
109628
109631
109707
109730
109731
109788
109801
