1
5
6
7
52
64
81
96
102
107
108
149
150
158
162
174
176
179
185
194
198
199
205
213
222
234
238
261
274
279
281
292
293
308
314
321
341
368
391
397
398
400
418
425
436
444
459
467
470
471
478
502
505
507
517
526
534
535
540
562
566
570
573
590
607
610
628
644
667
675
680
688
690
696
697
710
721
724
726
727
735
771
777
797
800
807
812
813
827
833
835
860
861
888
892
905
910
919
923
929
950
951
961
962
963
966
970
994
1031
1037
1048
1053
1061
1062
1083
1086
1100
1104
1117
1118
1121
1123
1125
1132
1150
1156
1160
1169
1175
1215
1219
1221
1234
1236
1248
1249
1259
1264
1274
1276
1287
1288
1293
1300
1303
1305
1309
1314
1328
1334
1338
1346
1364
1371
1378
1383
1384
1436
1447
1448
1456
1462
1465
1493
1507
1509
1515
1522
1527
1530
1533
1547
1548
1551
1552
1594
1603
1607
1608
1613
1615
1636
1661
1664
1679
1682
1687
1694
1697
1704
1708
1712
1713
1716
1725
1732
1748
1762
1764
1789
1799
1800
1804
1811
1816
1820
1833
1852
1858
1862
1863
1866
1871
1872
1882
1884
1888
1891
1901
1906
1911
1914
1915
1916
1999
2001
2012
2016
2036
2040
2054
2064
2070
2078
2094
2097
2104
2109
2120
2131
2140
2150
2195
2209
2215
2216
2222
2226
2228
2230
2232
2238
2261
2271
2280
2283
2284
2286
2290
2292
2297
2322
2326
2332
2333
2339
2350
2369
2378
2382
2392
2397
2401
2405
2428
2434
2440
2529
2533
2540
2543
2547
2556
2581
2582
2585
2587
2599
2619
2623
2630
2641
2648
2651
2653
2654
2660
2672
2674
2677
2678
2679
2684
2685
2689
2691
2694
2695
2700
2730
2731
2740
2742
2747
2750
2767
2768
2773
2778
2783
2789
2791
2793
2798
2806
2820
2831
2832
2833
2836
2850
2861
2863
2870
2873
2875
2878
2880
2889
2897
2906
2911
2935
2953
2956
2958
2961
2963
2972
3010
3016
3023
3026
3029
3034
3038
3040
3047
3060
3062
3066
3070
3076
3083
3104
3108
3110
3115
3120
3147
3150
3156
3158
3160
3164
3168
3175
3180
3185
3188
3190
3193
3199
3201
3211
3215
3216
3217
3218
3220
3222
3225
3230
3243
3253
3258
3270
3295
3305
3309
3322
3324
3328
3329
3330
3332
3350
3356
3363
3369
3401
3422
3432
3434
3436
3441
3445
3447
3452
3457
3460
3464
3466
3467
3469
3478
3480
3483
3487
3493
3498
3503
3511
3520
3550
3557
3558
3565
3570
3575
3582
3589
3593
3599
3608
3617
3633
3672
3674
3679
3687
3693
3699
3708
3709
3721
3731
3734
3747
3758
3765
3769
3779
3786
3788
3799
3809
3811
3814
3824
3827
3835
3847
3858
3870
3875
3887
3892
3896
3904
3908
3915
3919
3925
3942
3946
3953
3957
3975
3980
3983
3989
3994
3999
4003
4010
4013
4027
4028
4034
4039
4044
4048
4105
4116
4118
4121
4130
4133
4134
4137
4142
4152
4155
4158
4163
4166
4179
4184
4188
4196
4200
4207
4213
4216
4222
4226
4227
4234
4243
4244
4255
4261
4278
4280
4309
4312
4317
4322
4327
4333
4340
4341
4349
4354
4364
4366
4369
4373
4377
4380
4384
4389
4405
4411
4414
4423
4428
4432
4433
4438
4473
4483
4507
4514
4515
4521
4530
4532
4535
4542
4547
4549
4551
4555
4560
4562
4566
4575
4583
4590
4598
4606
4617
4633
4641
4651
4654
4674
4677
4687
4689
4693
4696
4704
4705
4712
4719
4724
4735
4736
4741
4765
4774
4778
4789
4790
4797
4806
4811
4814
4815
4817
4822
4823
4836
4838
4847
4851
4859
4872
4883
4891
4898
4909
4910
4918
4926
4932
4945
4951
4964
4972
4980
4983
4988
4993
5001
5007
5008
5010
5013
5021
5030
5043
5063
5065
5069
5073
5074
5078
5080
5093
5107
5114
5115
5130
5132
5135
5136
5139
5144
5153
5155
5166
5181
5189
5193
5208
5212
5224
5232
5234
5236
5240
5247
5249
5253
5266
5269
5277
5281
5294
5302
5304
5305
5318
5321
5326
5330
5340
5349
5351
5353
5362
5378
5379
5389
5397
5405
5421
5425
5427
5431
5436
5447
5453
5457
5462
5466
5473
5475
5485
5486
5492
5495
5499
5502
5512
5513
5542
5543
5553
5557
5561
5570
5575
5582
5587
5597
5612
5618
5630
5641
5643
5645
5649
5651
5654
5670
5690
5700
5711
5719
5720
5723
5725
5730
5733
5736
5738
5744
5748
5749
5754
5759
5761
5768
5775
5789
5798
5802
5807
5813
5817
5819
5830
5845
5852
5860
5869
5871
5874
5883
5886
5899
5904
5906
5920
5924
5929
5933
5955
5960
5972
5981
5986
6023
6038
6051
6052
6057
6058
6063
6067
6072
6078
6102
6103
6112
6113
6115
6118
6122
6123
6149
6152
6155
6165
6174
6177
6186
6192
6198
6199
6200
6202
6207
6212
6214
6216
6220
6242
6254
6270
6282
6287
6288
6294
6295
6305
6310
6327
6330
6331
6332
6334
6340
6352
6363
6369
6374
6382
6388
6395
6396
6397
6402
6412
6415
6459
6470
6479
6495
6496
6510
6519
6523
6526
6530
6534
6540
6545
6548
6550
6552
6557
6563
6571
6573
6578
6587
6595
6598
6609
6623
6628
6632
6633
6635
6636
6649
6650
6655
6657
6662
6664
6666
6676
6680
6683
6688
6690
6696
6698
6699
6701
6704
6708
6710
6713
6715
6728
6733
6739
6747
6762
6772
6777
6793
6796
6800
6812
6828
6839
6844
6851
6852
6853
6854
6866
6868
6876
6884
6892
6898
6900
6920
6935
6936
6939
6941
6954
6960
6963
6969
6980
6987
6993
6994
7020
7022
7032
7042
7053
7063
7066
7070
7073
7078
7082
7106
7111
7116
7119
7122
7130
7138
7142
7149
7150
7151
7155
7178
7207
7212
7226
7228
7233
7341
7557
7594
7690
7691
7692
7699
7708
7713
7720
7728
7729
7756
7801
7807
7816
7826
7832
7833
7842
7852
7861
7863
7865
7874
7882
7899
7906
7907
7909
7912
7913
7918
7919
7923
7939
7956
7961
7967
7969
7970
7971
7972
7978
7981
7983
7985
7986
7989
7990
7992
7996
7997
7998
7999
8001
8004
8007
8009
8021
8031
8036
8040
8043
8047
8052
8053
8057
8058
8063
8076
8081
8087
8108
8109
8112
8114
8118
8123
8125
8132
8140
8142
8149
8156
8164
8171
8174
8176
8177
8180
8193
8199
8202
8203
8205
8208
8213
8217
8219
8232
8238
8241
8248
8249
8254
8279
8287
8292
8299
8302
8307
8310
8320
8329
8336
8337
8343
8344
8345
8348
8384
8393
8422
8457
8464
8466
8467
8468
8469
8470
8473
8479
8483
8484
8485
8486
8487
8498
8501
8502
8503
8504
8506
8507
8508
8510
8523
8533
8536
8537
8541
8542
8544
8547
8548
8551
8552
8554
8555
8561
8563
8564
8565
8583
8591
8611
8616
8632
8637
8640
8643
8645
8648
8661
8662
8668
8677
8681
8682
8697
8700
8706
8711
8718
8722
8725
8738
8745
8755
8761
8765
8772
8785
8795
8803
8804
8807
8808
8809
8812
8813
8822
8828
8846
8852
8859
8875
8879
8890
8900
8908
8915
8930
8952
8965
8970
8976
8986
8987
8989
9000
9003
9015
9017
9021
9024
9030
9034
9040
9043
9044
9048
9052
9065
9069
9075
9076
9084
9091
9104
9118
9137
9145
9148
9155
9159
9173
9185
9188
9191
9199
9202
9203
9207
9211
9231
9243
9252
9265
9276
9278
9282
9286
9289
9299
9302
9304
9316
9317
9321
9322
9325
9329
9331
9332
9336
9349
9350
9356
9358
9394
9397
9399
9400
9404
9408
9411
9415
9417
9419
9424
9432
9435
9440
9444
9446
9449
9452
9459
9462
9463
9470
9477
9480
9495
9501
9503
9506
9508
9520
9529
9553
9558
9561
9567
9574
9581
9587
9595
9597
9598
9600
9604
9607
9610
9611
9617
9619
9621
9631
9641
9647
9648
9651
9652
9653
9661
9662
9666
9679
9684
9685
9687
9694
9698
9707
9708
9711
9712
9715
9716
9717
9718
9720
9737
9741
9742
9744
9746
9748
9754
9755
9760
9771
9774
9776
9778
9779
9783
9790
9794
9795
9800
9805
9806
9811
9814
9818
9821
9827
9830
9831
9834
9836
9843
9847
9855
9859
9865
9889
9894
9897
9901
9902
9910
9926
9957
9961
9962
9965
9976
9980
9982
9987
9989
9990
9995
10000
10007
10010
10011
10014
10015
10020
10026
10029
10030
10106
10136
10164
10170
10175
10180
10184
10189
10190
10192
10199
10202
10205
10209
10214
10222
10224
10225
10226
10237
10240
10243
10246
10252
10257
10264
10268
10310
10321
10331
10338
10341
10343
10346
10352
10357
10369
10382
10392
10393
10400
10403
10410
10424
10457
10459
10462
10497
10513
10516
10522
10524
10530
10549
10555
10557
10561
10562
10575
10578
10580
10587
10601
10603
10617
10619
10627
10629
10630
10633
10638
10641
10663
10665
10667
10671
10678
10688
10689
10697
10699
10703
10711
10713
10717
10722
10725
10727
10740
10746
10749
10750
10753
10774
10780
10798
10799
10801
10809
10830
10844
10845
10846
10859
10865
10870
10874
10876
10883
10887
10889
10896
10900
10901
10902
10912
10920
10929
10942
10950
10958
10991
10994
11000
11003
11008
11018
11021
11027
11028
11030
11034
11043
11046
11049
11051
11056
11063
11075
11084
11086
11112
11119
11144
11145
11146
11150
11151
11153
11167
11173
11179
11189
11196
11199
11203
11210
11211
11215
11223
11224
11227
11233
11240
11244
11246
11248
11249
11253
11256
11258
11263
11266
11276
11279
11285
11306
11325
11326
11334
11375
11380
11385
11395
11396
11401
11402
11406
11408
11434
11444
11464
11469
11475
11487
11499
11500
11503
11509
11515
11518
11531
11534
11546
11552
11560
11571
11576
11585
11587
11594
11616
11632
11634
11637
11643
11649
11663
11666
11731
11738
11751
11754
11768
11774
11779
11783
11786
11796
11798
11799
11800
11810
11815
11822
11832
11834
11840
11848
11860
11882
11892
11897
11903
11908
11918
11922
11929
11932
11937
11946
11949
12051
12053
12057
12060
12063
12064
12070
12072
12076
12079
12091
12097
12101
12111
12118
12127
12133
12140
12160
12164
12187
12191
12195
12204
12208
12213
12220
12223
12227
12230
12241
12261
12265
12266
12299
12310
12313
12320
12322
12339
12348
12351
12354
12356
12361
12363
12365
12397
12402
12411
12412
12421
12423
12437
12445
12446
12452
12458
12460
12464
12467
12468
12471
12474
12489
12502
12509
12514
12520
12521
12531
12541
12544
12581
12587
12604
12620
12624
12634
12635
12637
12639
12646
12649
12651
12652
12676
12683
12686
12690
12699
12703
12711
12720
12732
12748
12756
12765
12767
12778
12789
12794
12807
12810
12823
12864
12867
12869
12871
12873
12878
12879
12893
12894
12911
12917
12929
12940
12948
12952
12955
12958
12965
12968
12980
12983
12986
12997
13001
13006
13013
13024
13031
13039
13040
13043
13064
13068
13082
13091
13093
13096
13101
13105
13113
13122
13127
13129
13146
13148
13154
13168
13188
13198
13204
13224
13232
13235
13237
13246
13248
13256
13276
13284
13290
13297
13300
13301
13302
13303
13307
13309
13327
13334
13338
13363
13369
13386
13400
13404
13416
13423
13426
13435
13439
13453
13461
13464
13468
13475
13488
13491
13492
13510
13539
13557
13568
13571
13583
13601
13605
13623
13642
13645
13655
13661
13669
13675
13679
13681
13682
13689
13697
13698
13754
13759
13765
13768
13769
13771
13783
13785
13790
13797
13802
13817
13819
13822
13831
13832
13835
13837
13838
13839
13843
13848
13849
13854
13857
13862
13865
13866
13869
13874
13878
13884
13888
13890
13891
13892
13900
13902
13904
13916
13917
13924
13934
13936
13941
13943
13944
13945
13947
13953
13960
13962
13965
13977
13981
13993
13995
13998
14003
14013
14021
14032
14035
14046
14049
14060
14078
14129
14141
14151
14156
14157
14170
14200
14202
14209
14211
14213
14228
14232
14258
14262
14264
14266
14270
14274
14277
14289
14296
14302
14320
14338
14343
14351
14356
14358
14359
14361
14365
14370
14371
14378
14388
14393
14396
14399
14408
14412
14414
14425
14429
14437
14450
14464
14467
14470
14474
14480
14491
14495
14499
14501
14503
14507
14509
14517
14569
14571
14576
14588
14592
14607
14610
14615
14622
14625
14636
14637
14639
14640
14641
14644
14656
14662
14667
14673
14679
14696
14702
14714
14715
14718
14733
14736
14746
14747
14752
14756
14757
14758
14759
14774
14775
14776
14777
14781
14783
14795
14797
14805
14816
14817
14825
14826
14831
14832
14835
14836
14837
14841
14847
14851
14862
14869
14875
14879
14893
14906
14909
14919
14922
14927
14936
14940
14946
14949
14964
14968
14973
14976
14981
14982
14987
14990
14996
15002
15004
15006
15008
15009
15010
15013
15017
15018
15021
15022
15023
15025
15027
15030
15033
15039
15040
15044
15053
15060
15063
15068
15077
15083
15089
15094
15097
15101
15111
15118
15126
15131
15142
15149
15159
15162
15169
15173
15179
15180
15181
15182
15194
15195
15200
15208
15212
15213
15219
15220
15228
15229
15230
15247
15256
15261
15268
15276
15282
15287
15290
15309
15320
15326
15327
15330
15344
15359
15361
15365
15379
15387
15391
15400
15403
15407
15429
15432
15437
15439
15446
15485
15494
15500
15512
15514
15519
15525
15532
15542
15543
15546
15550
15552
15553
15554
15573
15582
15595
15602
15605
15608
15611
15616
15617
15632
15635
15641
15642
15646
15647
15648
15653
15662
15666
15676
15687
15691
15692
15709
15716
15731
15734
15735
15743
15746
15747
15753
15760
15772
15780
15794
15799
15831
15838
15847
15857
15869
15870
15871
15874
15892
15904
15907
15919
15920
15926
15945
15948
15960
15961
15962
15974
15979
15980
15990
15991
16002
16007
16023
16033
16035
16036
16040
16054
16056
16066
16073
16074
16082
16083
16084
16085
16088
16103
16109
16113
16118
16119
16123
16138
16148
16156
16163
16171
16174
16183
16186
16189
16202
16206
16251
16258
16263
16268
16273
16276
16279
16303
16312
16315
16317
16318
16323
16327
16329
16332
16338
16360
16492
16493
16498
16506
16520
16535
16538
16543
16546
16548
16553
16554
16561
16572
16574
16579
16584
16589
16595
16601
16602
16606
16624
16625
16644
16651
16688
16700
16719
16730
16741
16747
16752
16754
16761
16764
16771
16772
16785
16812
16819
16829
16837
16850
16858
16863
16877
16891
16892
16896
16910
16928
16953
16972
17003
17004
17016
17025
17031
17033
17043
17056
17060
17094
17100
17105
17115
17125
17137
17139
17143
17150
17158
17175
17185
17186
17198
17202
17217
17223
17229
17236
17241
17251
17253
17262
17267
17271
17280
17281
17285
17286
17287
17299
17301
17319
17330
17332
17347
17353
17361
17375
17382
17384
17386
17391
17399
17401
17405
17416
17429
17436
17443
17451
17454
17465
17471
17477
17480
17483
17488
17489
17490
17493
17496
17510
17519
17524
17536
17538
17556
17566
17568
17570
17571
17572
17580
17586
17589
17605
17606
17607
17611
17613
17622
17624
17630
17631
17635
17638
17641
17646
17653
17658
17674
17679
17683
17696
17704
17710
17725
17732
17741
17745
17756
17760
17762
17772
17801
17807
17817
17828
17830
17832
17850
17862
17869
17879
17883
17885
17892
17898
17899
17906
17912
17917
17923
17924
17925
17926
17930
17935
17938
17948
17952
17955
17958
17961
17963
17965
17983
17991
18005
18047
18051
18061
18076
18078
18081
18105
18117
18123
18132
18135
18141
18173
18181
18204
18210
18214
18216
18218
18220
18227
18237
18239
18240
18241
18281
18284
18289
18293
18296
18300
18313
18345
18349
18353
18355
18358
18360
18362
18366
18371
18373
18376
18401
18403
18421
18422
18424
18434
18462
18468
18475
18484
18490
18491
18533
18537
18539
18542
18552
18557
18562
18565
18566
18570
18590
18601
18607
18609
18614
18620
18627
18635
18637
18638
18648
18653
18657
18661
18663
18666
18667
18679
18697
18699
18701
18702
18703
18710
18717
18728
18730
18738
18746
18775
18786
18789
18810
18831
18843
18855
18869
18875
18881
18896
18898
18905
18908
18911
18913
18918
18922
18929
18946
18948
18949
18951
18966
18983
18987
18992
19011
19019
19024
19038
19064
19069
19070
19097
19099
19109
19118
19128
19130
19135
19148
19155
19156
19163
19171
19177
19178
19181
19182
19187
19192
19196
19199
19215
19226
19228
19235
19239
19244
19268
19283
19286
19296
19310
19314
19320
19330
19335
19341
19344
19347
19350
19360
19365
19372
19404
19409
19412
19432
19442
19454
19457
19461
19465
19466
19471
19478
19492
19493
19502
19505
19515
19519
19523
19524
19535
19542
19553
19556
19561
19565
19573
19576
19577
19580
19595
19608
19618
19626
19633
19647
19648
19659
19669
19690
19699
19701
19711
19720
19749
19760
19762
19771
19777
19788
19803
19806
19809
19824
19850
19867
19877
19886
19900
19907
19932
19933
19937
19945
19949
19952
19959
19969
19972
19973
19975
19977
19978
20004
20025
20028
20033
20038
20041
20050
20051
20066
20075
20090
20092
20093
20101
20104
20110
20114
20123
20128
20141
20145
20157
20159
20169
20172
20177
20184
20188
20198
20204
20207
20208
20211
20229
20233
20236
20240
20241
20246
20255
20262
20268
20272
20282
20286
20289
20295
20299
20311
20312
20314
20318
20319
20327
20328
20334
20340
20344
20353
20356
20360
20362
20363
20371
20374
20401
20418
20426
20433
20459
20469
20473
20480
20487
20497
20510
20511
20514
20516
20518
20522
20542
20544
20552
20555
20559
20565
20567
20606
20614
20617
20629
20665
20676
20677
20680
20682
20687
20692
20708
20709
20713
20721
20740
20764
20767
20770
20773
20777
20779
20790
20797
20798
20799
20804
20815
20869
20879
20907
20926
20934
20936
20944
20946
20949
20965
20967
20968
20982
20987
21004
21008
21012
21014
21018
21021
21032
21041
21049
21052
21055
21060
21061
21065
21070
21072
21078
21080
21093
21096
21099
21103
21107
21129
21135
21143
21150
21168
21172
21186
21188
21190
21191
21193
21195
21204
21213
21223
21230
21236
21238
21239
21240
21246
21248
21251
21255
21261
21263
21268
21276
21280
21289
21350
21352
21354
21363
21366
21388
21431
21441
21442
21459
21464
21470
21471
21479
21495
21507
21516
21518
21523
21526
21535
21537
21548
21552
21570
21576
21581
21585
21586
21595
21599
21604
21606
21613
21633
21654
21661
21662
21663
21675
21683
21694
21711
21765
21769
21782
21790
21823
21824
21827
21830
21832
21842
21852
21855
21856
21858
21867
21869
21885
21886
21890
21899
21914
21915
21916
21924
21925
21929
21933
21953
21959
21965
21993
22028
22034
22058
22065
22080
22081
22086
22090
22103
22107
22112
22127
22139
22147
22157
22161
22167
22175
22180
22183
22186
22191
22208
22217
22228
22245
22268
22269
22285
22286
22288
22292
22296
22299
22302
22310
22314
22318
22329
22337
22339
22342
22347
22350
22351
22366
22367
22383
22395
22402
22409
22421
22427
22433
22441
22447
22453
22460
22463
22465
22468
22472
22476
22477
22479
22490
22500
22523
22528
22529
22535
22539
22546
22550
22558
22561
22592
22603
22609
22610
22614
22623
22632
22635
22643
22647
22654
22663
22666
22670
22673
22682
22686
22708
22715
22731
22734
22736
22737
22744
22745
22746
22751
22762
22766
22767
22773
22777
22785
22791
22792
22808
22823
22825
22829
22837
22848
22857
22868
22880
22881
22884
22888
22889
22899
22902
22903
22911
22917
22936
22941
22943
22957
22962
22963
22968
22978
22979
22980
22981
23014
23051
23061
23067
23068
23070
23073
23084
23086
23088
23094
23103
23132
23136
23142
23143
23155
23159
23176
23178
23183
23191
23195
23207
23215
23216
23217
23229
23244
23258
23268
23272
23287
23306
23317
23324
23333
23340
23349
23350
23353
23358
23361
23374
23382
23384
23385
23400
23410
23415
23419
23425
23426
23427
23430
23433
23438
23442
23445
23449
23455
23456
23464
23477
23481
23486
23495
23501
23514
23521
23522
23529
23530
23543
23565
23571
23576
23579
23581
23587
23593
23601
23605
23615
23619
23623
23624
23630
23634
23635
23637
23649
23655
23661
23680
23681
23693
23694
23696
23710
23712
23715
23716
23721
23727
23732
23735
23736
23739
23740
23746
23748
23761
23765
23766
23769
23773
23775
23777
23783
23785
23787
23793
23820
23824
23826
23829
23832
23834
23835
23843
23858
23863
23873
23885
23893
23899
23905
23909
23910
23917
23928
23933
23943
23947
23949
23960
23968
23971
23977
23982
23986
23990
24000
24001
24004
24009
24022
24036
24042
24046
24048
24051
24063
24065
24071
24090
24102
24111
24119
24123
24128
24131
24134
24150
24161
24164
24167
24174
24178
24179
24181
24184
24186
24196
24204
24207
24208
24219
24222
24223
24229
24237
24254
24265
24270
24273
24275
24289
24292
24299
24309
24311
24312
24316
24319
24322
24326
24339
24341
24345
24348
24352
24364
24371
24390
24412
24419
24420
24422
24436
24439
24444
24445
24449
24451
24462
24472
24481
24493
24495
24497
24508
24512
24515
24521
24524
24532
24535
24548
24567
24572
24581
24582
24600
24604
24635
24640
24654
24656
24658
24667
24683
24688
24705
24711
24724
24731
24736
24738
24745
24752
24753
24758
24769
24771
24779
24781
24786
24789
24795
24796
24797
24801
24802
24805
24807
24808
24809
24825
24827
24832
24838
24842
24858
24862
24868
24883
24886
24889
24892
24900
24902
24903
24905
24911
24912
24916
24918
24933
24949
24965
24966
24967
24970
24972
24977
24987
24997
25013
25016
25024
25029
25034
25037
25038
25040
25065
25321
25347
25350
25352
25357
25361
25364
25369
25373
25377
25383
25387
25388
25392
25396
25399
25403
25404
25405
25414
25432
25451
25455
25477
25481
25494
25496
25499
25501
25502
25526
25531
25532
25539
25543
25552
25567
25572
25587
25592
25599
25610
25615
25616
25633
25648
25656
25657
25677
25687
25698
25710
25715
25725
25729
25742
25750
25756
25758
25761
25764
25778
25785
25793
25795
25799
25805
25819
25828
25833
25840
25856
25858
25876
25880
25895
25904
25921
25936
25947
26000
26008
26030
26055
26075
26081
26088
26106
26111
26116
26120
26130
26136
26137
26138
26139
26162
26182
26189
26198
26204
26238
26239
26258
26261
26262
26265
26267
26278
26284
26293
26298
26299
26306
26307
26318
26335
26348
26373
26379
26395
26403
26410
26432
26435
26437
26443
26444
26445
26448
26450
26455
26461
26462
26467
26475
26481
26490
26499
26501
26506
26512
26539
26569
26571
26591
26600
26615
26617
26618
26621
26623
26636
26647
26649
26652
26657
26659
26673
26674
26682
26695
26713
26716
26721
26722
26744
26753
26756
26762
26771
26778
26782
26787
26795
26805
26806
26811
26824
26827
26833
26840
26849
26862
26863
26886
26887
26893
26904
26906
26911
26923
26925
26926
26944
26949
26963
26970
26982
26990
27012
27024
27033
27034
27039
27042
27045
27046
27049
27054
27065
27077
27080
27095
27096
27112
27119
27121
27122
27126
27139
27143
27155
27160
27165
27168
27180
27186
27194
27197
27198
27202
27205
27217
27236
27242
27258
27263
27266
27274
27290
27293
27299
27334
27337
27341
27351
27355
27360
27368
27377
27378
27381
27390
27395
27407
27408
27413
27428
27430
27442
27443
27446
27453
27455
27457
27462
27478
27496
27506
27513
27517
27518
27524
27535
27539
27543
27545
27546
27552
27563
27567
27569
27591
27594
27603
27615
27619
27631
27636
27642
27648
27656
27657
27661
27670
27673
27681
27685
27700
27703
27710
27715
27723
27728
27736
27737
27741
27745
27749
27750
27752
27753
27754
27756
27758
27760
27761
27762
27763
27766
27768
27771
27772
27780
27788
27789
27793
27805
27815
27817
27823
27836
27841
27846
27860
27867
27889
27892
27895
27902
27913
27915
27916
27917
27918
27928
27930
27931
27932
27934
27936
27938
27939
27949
27950
27961
27973
27981
27987
27989
27990
27994
27997
28006
28010
28014
28018
28032
28051
28058
28059
28066
28069
28070
28076
28079
28127
28135
28160
28165
28167
28175
28186
28192
28200
28202
28209
28211
28216
28220
28230
28234
28238
28240
28254
28257
28264
28266
28278
28284
28287
28296
28306
28312
28316
28340
28346
28347
28383
28385
28389
28404
28409
28419
28422
28424
28462
28466
28469
28471
28478
28499
28514
28516
28529
28532
28535
28536
28539
28543
28544
28557
28559
28562
28564
28581
28590
28602
28606
28613
28618
28629
28640
28661
28665
28670
28676
28677
28681
28684
28689
28695
28700
28704
28713
28715
28721
28724
28731
28736
28762
28763
28766
28775
28778
28779
28781
28783
28788
28792
28798
28806
28808
28823
28825
28832
28861
28865
28878
28879
28890
28897
28903
28908
28911
28922
28935
28941
28943
28945
28958
28961
28968
28973
28986
28989
28991
28995
29003
29013
29017
29022
29029
29032
29036
29044
29049
29057
29063
29071
29079
29081
29082
29086
29090
29096
29112
29120
29133
29137
29176
29179
29183
29190
29192
29199
29207
29212
29216
29220
29223
29229
29232
29238
29241
29246
29247
29253
29258
29259
29264
29272
29280
29281
29299
29310
29316
29319
29321
29326
29331
29335
29338
29341
29342
29344
29351
29354
29359
29368
29374
29380
29394
29425
29442
29447
29458
29474
29478
29484
29486
29488
29496
29502
29506
29509
29510
29511
29512
29521
29523
29528
29533
29539
29559
29563
29569
29580
29588
29590
29591
29612
29628
29629
29631
29634
29636
29639
29653
29667
29671
29672
29676
29690
29695
29698
29699
29709
29726
29732
29733
29737
29743
29756
29760
29775
29781
29788
29792
29796
29802
29809
29878
29879
29883
29887
29903
29909
29923
29926
29942
29951
29953
29959
29966
29967
29969
29975
29979
29985
29993
30001
30002
30015
30026
30041
30057
30061
30067
30068
30072
30078
30079
30089
30095
30100
30117
30126
30127
30137
30141
30148
30154
30157
30160
30168
30176
30181
30184
30187
30196
30199
30200
30210
30214
30237
30300
30330
30336
30339
30344
30351
30359
30364
30373
30401
30405
30408
30410
30411
30412
30415
30429
30454
30455
30462
30470
30471
30472
30483
30488
30510
30511
30516
30523
30525
30532
30550
30566
30571
30574
30578
30583
30593
30599
30604
30608
30618
30631
30632
30661
30668
30677
30682
30686
30694
30696
30707
30710
30713
30728
30755
30768
30776
30779
30792
30806
30810
30829
30838
30848
30855
30856
30861
30865
30869
30872
30877
30889
30915
30922
30926
30929
30936
30941
30948
30953
30960
30964
30966
30971
30973
30974
30983
30995
31002
31004
31010
31016
31021
31029
31031
31034
31049
31060
31067
31072
31075
31077
31078
31084
31086
31088
31091
31095
31098
31099
31100
31107
31125
31135
31136
31142
31149
31152
31163
31171
31199
31200
31206
31209
31224
31226
31227
31231
31239
31246
31248
31256
31257
31283
31289
31294
31303
31311
31312
31316
31323
31325
31328
31333
31340
31358
31364
31370
31377
31378
31387
31390
31396
31411
31418
31419
31438
31445
31449
31458
31465
31469
31471
31477
31485
31488
31492
31498
31502
31505
31509
31510
31512
31514
31515
31536
31542
31543
31559
31566
31569
31577
31587
31599
31605
31609
31610
31633
31634
31637
31644
31659
31661
31665
31673
31677
31680
31685
31698
31712
31726
31730
31740
31743
31744
31762
31768
31781
31784
31792
31811
31813
31819
31825
31830
31834
31841
31845
31870
31872
31874
31882
31891
31906
31912
31926
31927
31930
31933
31946
31959
31964
31970
31983
31992
31993
32012
32015
32018
32040
32070
32073
32078
32083
32093
32095
32101
32121
32137
32138
32140
32143
32146
32153
32157
32158
32161
32165
32167
32172
32179
32181
32185
32200
32201
32207
32233
32238
32247
32251
32255
32258
32261
32263
32270
32273
32286
32291
32293
32296
32311
32326
32330
32348
32353
32358
32364
32365
32368
32370
32373
32383
32389
32390
32391
32409
32447
32459
32463
32476
32477
32484
32486
32490
32491
32508
32517
32521
32529
32537
32539
32542
32555
32558
32581
32590
32593
32603
32610
32616
32619
32620
32621
32629
32630
32637
32642
32647
32648
32655
32656
32657
32667
32668
32669
32670
32684
32686
32695
32697
32702
32704
32706
32708
32711
32720
32722
32723
32725
32726
32727
32734
32735
32747
32751
32759
32765
32766
32773
32780
32792
32800
32805
32808
32817
32826
32831
32836
32840
32842
32852
32855
32859
32860
32866
32871
32874
32879
32887
32895
32898
32901
32916
32919
32924
32928
32930
32936
32970
32972
32976
32978
32992
33005
33006
33020
33034
33040
33047
33050
33054
33065
33073
33078
33088
33094
33102
33116
33123
33133
33140
33150
33158
33172
33177
33189
33196
33208
33217
33221
33230
33239
33244
33253
33258
33263
33276
33285
33295
33308
33318
33332
33340
33352
33358
33365
33378
33379
33390
33397
33406
33415
33423
33431
33440
33449
33458
33469
33478
33491
33504
33511
33530
33542
33554
33566
33577
33584
33594
33604
33608
33627
33629
33633
33646
33668
33682
33688
33703
33704
33708
33711
33719
33722
33723
33728
33730
33733
33737
33740
33745
33758
33760
33768
33788
33793
33805
33814
33816
33821
33825
33832
33833
33836
33854
33855
33859
33860
33863
33872
33875
33890
33907
33916
33917
33923
33925
33930
33939
33955
33972
33978
33981
33991
33997
34009
34018
34027
34038
34047
34052
34053
34062
34080
34085
34086
34091
34094
34095
34101
34102
34104
34108
34121
34129
34139
34148
34153
34205
34216
34217
34220
34224
34232
34240
34244
34249
34262
34263
34264
34273
34278
34292
34300
34305
34306
34307
34313
34316
34318
34321
34324
34328
34335
34336
34342
34355
34359
34360
34363
34370
34375
34379
34386
34387
34388
34396
34399
34408
34409
34415
34422
34427
34431
34456
34461
34467
34468
34473
34485
34488
34534
34554
34560
34573
34576
34612
34631
34641
34645
34653
34657
34658
34661
34662
34665
34673
34694
34698
34702
34703
34705
34707
34721
34724
34730
34731
34740
34742
34744
34747
34751
34752
34758
34763
34766
34769
34771
34774
34777
34781
34783
34790
34792
34794
34798
34799
34806
34808
34811
34813
34817
34822
34837
34856
34865
34871
34875
34886
34904
34915
34919
34935
34944
34947
34952
34953
34958
34970
34975
34981
34987
34992
35004
35014
35022
35035
35037
35044
35045
35047
35048
35049
35050
35055
35059
35060
35063
35071
35079
35095
35101
35106
35118
35122
35127
35145
35150
35157
35179
35190
35194
35196
35199
35206
35221
35226
35237
35244
35249
35271
35274
35277
35280
35287
35290
35292
35305
35307
35312
35319
35321
35324
35336
35344
35351
35353
35354
35358
35359
35366
35367
35371
35385
35387
35392
35401
35406
35418
35424
35433
35451
35452
35453
35460
35477
35478
35481
35482
35487
35492
35498
35503
35505
35510
35512
35513
35515
35526
35534
35538
35544
35546
35547
35553
35559
35560
35561
35563
35568
35569
35572
35592
35597
35603
35609
35640
35650
35667
35677
35678
35684
35685
35692
35696
35699
35702
35704
35707
35715
35719
35723
35727
35729
35738
35739
35741
35764
35767
35768
35777
35783
35784
35788
35792
35808
35815
35817
35819
35830
35835
35840
35848
35873
35877
35904
35924
35936
35939
35945
35956
35962
35970
35972
35974
35977
35985
35992
35998
36015
36017
36021
36024
36029
36034
36051
36061
36074
36075
36079
36080
36081
36083
36094
36095
36109
36112
36113
36115
36120
36122
36123
36131
36135
36140
36146
36147
36149
36152
36164
36166
36169
36172
36181
36183
36188
36189
36192
36194
36195
36196
36205
36211
36212
36213
36215
36217
36219
36221
36222
36226
36227
36231
36241
36243
36244
36247
36254
36257
36259
36260
36261
36262
36263
36264
36265
36269
36270
36271
36273
36274
36275
36276
36278
36279
36280
36282
36283
36284
36285
36293
36294
36296
36297
36299
36300
36304
36306
36307
36308
36309
36310
36312
36314
36316
36317
36318
36321
36322
36323
36325
36326
36328
36329
36330
36333
36334
36335
36338
36340
36343
36345
36348
36350
36352
36355
36357
36361
36363
36367
36368
36369
36374
36378
36382
36387
36391
36395
36402
36403
36405
36406
36411
36413
36415
36416
36422
36424
36425
36426
36427
36429
36431
36433
36436
36437
36438
36439
36440
36441
36444
36445
36446
36452
36454
36456
36458
36461
36463
36465
36468
36470
36473
36476
36484
36485
36486
36487
36491
36496
36498
36499
36500
36504
36507
36532
36533
36534
36535
36539
36541
36544
36547
36556
36560
36567
36569
36571
36580
36591
36596
36608
36615
36621
36632
36637
36648
36655
36659
36664
36667
36671
36673
36674
36684
36690
36703
36710
36733
36774
36777
36782
36786
36788
36804
36807
36808
36833
36868
36869
36877
36880
36881
36882
36884
36886
36887
36889
36897
36939
36953
36954
36958
36962
36964
36968
36972
36973
36975
36977
36982
36994
36999
37018
37031
37039
37043
37047
37050
37060
37071
37073
37078
37080
37089
37108
37110
37116
37119
37120
37124
37141
37199
37209
37210
37211
37212
37213
37219
37220
37221
37227
37233
37235
37261
37271
37273
37282
37283
37284
37339
37341
37393
37404
37405
37412
37416
37422
37424
37436
37441
37453
37457
37459
37473
37479
37488
37489
37490
37520
37529
37535
37543
37547
37553
37554
37560
37562
37569
37573
37578
37585
37586
37587
37589
37592
37608
37613
37616
37654
37655
37665
37673
37689
37691
37692
37697
37703
37705
37708
37721
37723
37746
37750
37761
37767
37772
37775
37791
37793
37799
37812
37815
37820
37823
37824
37830
37838
37844
37848
37855
37867
37872
37876
37882
37883
37891
37895
37896
37902
37917
37929
37933
37937
37942
37951
37959
37964
37970
37971
37972
37974
37977
37979
37982
37989
38002
38009
38014
38091
38094
38095
38100
38104
38126
38132
38153
38170
38171
38174
38175
38177
38179
38180
38191
38195
38198
38206
38210
38215
38224
38269
38271
38280
38284
38285
38288
38306
38313
38314
38326
38328
38332
38346
38357
38366
38369
38374
38375
38382
38389
38394
38422
38430
38437
38443
38447
38458
38462
38472
38476
38477
38479
38485
38496
38508
38517
38524
38525
38527
38531
38551
38558
38582
38599
38600
38604
38610
38614
38619
38624
38629
38638
38642
38648
38655
38680
38685
38691
38695
38699
38700
38725
38728
38740
38744
38745
38750
38759
38764
38772
38775
38780
38783
38789
38790
38792
38798
38801
38805
38808
38818
38822
38832
38834
38846
38855
38859
38884
38895
38898
38902
38909
38911
38912
38913
38925
38933
38937
38942
38955
38968
38973
38977
38978
38983
38990
38995
39000
39003
39005
39011
39012
39050
39054
39061
39077
39087
39088
39104
39112
39114
39132
39140
39145
39147
39148
39153
39165
39173
39174
39178
39181
39182
39183
39184
39188
39190
39212
39224
39235
39238
39244
39251
39259
39266
39346
39350
39351
39357
39360
39373
39375
39383
39398
39422
39423
39425
39428
39440
39504
39507
39513
39520
39521
39539
39551
39552
39581
39585
39588
39601
39615
39622
39624
39647
39649
39652
39654
39660
39666
39669
39673
39674
39675
39698
39709
39720
39725
39726
39750
39768
39789
39803
39807
39808
39812
39830
39833
39841
39844
39847
39856
39859
39861
39867
39869
39871
39881
39886
39887
39908
39912
39920
39931
39939
39940
39951
39967
39971
39981
39982
39992
39993
39998
40002
40004
40018
40032
40041
40047
40054
40056
40058
40060
40076
40095
40101
40106
40108
40109
40121
40125
40129
40131
40132
40133
40146
40162
40195
40197
40204
40206
40212
40227
40230
40240
40248
40263
40269
40273
40282
40300
40314
40320
40332
40335
40344
40349
40363
40414
40426
40444
40454
40460
40464
40465
40466
40471
40472
40476
40484
40559
40565
40568
40576
40583
40597
40609
40620
40632
40638
40641
40655
40668
40670
40683
40685
40714
40719
40748
40762
40771
40781
40785
40787
40788
40813
40818
40819
40821
40828
40833
40837
40847
40853
40859
40869
40871
40875
40878
40886
40897
40903
40911
40921
40924
40927
40929
40935
40942
40953
40958
40962
40963
40969
40973
40977
40985
40986
40992
41005
41007
41017
41027
41032
41047
41054
41057
41063
41066
41072
41078
41093
41102
41103
41108
41115
41121
41128
41146
41159
41165
41175
41177
41178
41180
41187
41192
41195
41211
41220
41230
41231
41242
41245
41250
41251
41260
41263
41264
41268
41271
41274
41277
41278
41286
41289
41299
41304
41310
41312
41317
41320
41324
41336
41346
41358
41364
41368
41377
41389
41408
41410
41412
41438
41440
41444
41449
41465
41469
41470
41472
41484
41489
41492
41494
41496
41498
41503
41508
41509
41514
41520
41529
41545
41548
41552
41556
41561
41570
41571
41588
41592
41597
41603
41615
41616
41632
41636
41651
41653
41657
41670
41676
41679
41681
41697
41698
41699
41707
41709
41714
41717
41725
41763
41775
41778
41782
41790
41792
41799
41802
41809
41820
41823
41824
41825
41826
41827
41828
41837
41838
41841
41851
41860
41863
41864
41868
41871
41875
41881
41892
41899
41901
41903
41904
41907
41909
41914
41920
41922
41925
41928
41937
41942
41945
41946
41951
41952
41957
41958
41959
41964
41967
41969
41970
41971
41978
41979
41985
41993
42016
42017
42039
42046
42047
42063
42087
42092
42094
42096
42106
42115
42123
42129
42140
42142
42148
42157
42164
42169
42172
42178
42183
42185
42190
42193
42207
42215
42217
42220
42223
42232
42246
42255
42263
42275
42284
42292
42304
42341
42342
42345
42355
42371
42373
42375
42377
42381
42382
42395
42399
42417
42422
42428
42434
42436
42457
42462
42472
42475
42480
42482
42490
42491
42492
42494
42496
42498
42501
42506
42519
42521
42526
42534
42539
42548
42561
42562
42565
42570
42571
42576
42582
42590
42595
42609
42614
42628
42638
42642
42645
42651
42660
42665
42676
42680
42681
42684
42686
42688
42689
42693
42700
42705
42706
42708
42710
42722
42725
42729
42744
42752
42753
42758
42763
42773
42776
42805
42811
42813
42847
42858
42869
42879
42892
42893
42902
42922
42936
42956
42965
42973
42981
42984
42991
43009
43011
43014
43015
43024
43027
43047
43058
43061
43062
43063
43065
43076
43079
43093
43097
43098
43099
43103
43111
43113
43114
43116
43117
43121
43127
43131
43132
43133
43134
43142
43147
43148
43155
43163
43164
43173
43227
43231
43233
43251
43261
43269
43277
43278
43289
43299
43303
43304
43307
43317
43319
43322
43328
43333
43335
43336
43341
43342
43359
43360
43362
43367
43370
43390
43406
43425
43438
43446
43453
43454
43461
43464
43496
43506
43511
43512
43521
43526
43528
43529
43534
43546
43554
43557
43564
43566
43567
43580
43585
43588
43596
43604
43659
43673
43674
43676
43679
43681
43685
43695
43703
43727
43739
43741
43759
43763
43764
43765
43781
43788
43792
43807
43817
43823
43829
43834
43837
43839
43842
43843
43858
43867
43873
43875
43882
43889
43899
43906
43909
43920
43935
43945
43950
43952
43955
43956
43958
43962
43980
44026
44029
44031
44071
44076
44078
44081
44096
44099
44109
44111
44112
44116
44120
44130
44131
44137
44146
44150
44158
44162
44165
44172
44175
44179
44187
44191
44216
44217
44227
44242
44244
44246
44250
44262
44285
44286
44288
44304
44310
44314
44330
44331
44335
44339
44340
44343
44345
44361
44367
44370
44378
44394
44406
44407
44423
44425
44426
44431
44446
44449
44456
44461
44468
44486
44500
44509
44514
44519
44523
44528
44547
44557
44559
44565
44566
44568
44573
44586
44592
44594
44595
44598
44600
44602
44603
44656
44681
44682
44683
44685
44690
44693
44695
44696
44699
44703
44704
44709
44711
44717
44722
44725
44729
44738
44741
44749
44755
44760
44770
44771
44772
44779
44781
44788
44790
44797
44801
44803
44813
44818
44820
44822
44827
44833
44835
44836
44840
44842
44844
44845
44847
44851
44855
44858
44864
44866
44867
44868
44887
44889
44891
44910
44917
44930
44937
44941
44943
44946
44949
44952
44954
44955
44957
44964
44966
44982
44986
44996
45015
45016
45019
45021
45040
45042
45049
45051
45056
45061
45063
45070
45071
45074
45079
45085
45087
45094
45095
45100
45125
45129
45134
45153
45158
45163
45179
45186
45190
45192
45197
45207
45213
45215
45216
45217
45218
45223
45228
45229
45230
45249
45265
45269
45282
45286
45289
45290
45297
45300
45301
45306
45310
45315
45320
45326
45327
45329
45332
45333
45335
45343
45373
45395
45427
45435
45448
45462
45465
45468
45494
45500
45514
45530
45534
45539
45563
45564
45567
45579
45580
45582
45588
45594
45604
45663
45664
45666
45687
45699
45700
45703
45704
45710
45713
45727
45728
45731
45732
45734
45738
45745
45759
45765
45768
45777
45778
45788
45797
45810
45819
45823
45825
45832
45839
45843
45846
45864
45866
45884
45892
45925
45980
45992
45997
46005
46010
46018
46019
46020
46021
46022
46027
46031
46036
46037
46040
46041
46042
46045
46047
46048
46050
46051
46057
46058
46059
46060
46064
46065
46067
46081
46088
46113
46118
46122
46123
46132
46135
46137
46174
46177
46183
46187
46191
46202
46209
46210
46213
46226
46239
46243
46259
46266
46267
46268
46270
46274
46288
46300
46312
46318
46319
46340
46343
46351
46357
46363
46366
46378
46382
46385
46389
46398
46411
46420
46442
46451
46489
46500
46506
46508
46522
46530
46548
46557
46561
46570
46577
46588
46589
46591
46601
46604
46607
46608
46619
46632
46640
46658
46659
46666
46673
46676
46688
46689
46696
46706
46709
46714
46726
46735
46740
46755
46763
46765
46767
46776
46778
46782
46786
46789
46795
46803
46822
46834
46839
46840
46843
46845
46846
46850
46857
46873
46883
46903
46906
46909
46918
46924
46925
46928
46929
46938
46941
46945
46963
46968
46980
46983
46991
46996
47000
47013
47019
47024
47033
47035
47043
47049
47054
47067
47071
47076
47099
47100
47105
47108
47113
47114
47118
47119
47120
47130
47137
47138
47161
47165
47180
47200
47206
47210
47212
47214
47217
47225
47233
47243
47244
47246
47251
47280
47289
47301
47305
47311
47315
47317
47324
47325
47332
47341
47350
47359
47365
47377
47387
47394
47402
47406
47412
47417
47418
47427
47434
47437
47442
47443
47445
47447
47459
47473
47475
47480
47498
47500
47507
47508
47511
47525
47531
47532
47537
47543
47548
47550
47551
47552
47562
47563
47575
47584
47586
47601
47614
47616
47629
47630
47636
47655
47668
47673
47674
47681
47697
47704
47714
47723
47726
47740
47744
47750
47754
47766
47770
47789
47791
47798
47801
47805
47809
47812
47814
47815
47821
47825
47826
47829
47833
47839
47842
47843
47844
47850
47856
47857
47900
47907
47914
47915
47922
47926
47930
47944
47962
47966
47967
47972
47976
47978
47980
47989
47994
47996
48001
48007
48008
48015
48018
48030
48033
48037
48038
48040
48048
48053
48058
48063
48070
48077
48081
48088
48098
48103
48106
48108
48109
48112
48118
48121
48126
48129
48141
48143
48147
48151
48156
48171
48177
48195
48202
48203
48204
48210
48213
48218
48227
48237
48239
48242
48255
48263
48266
48267
48332
48333
48356
48359
48367
48375
48396
48398
48400
48401
48404
48455
48469
48499
48505
48513
48523
48536
48547
48554
48555
48557
48561
48574
48592
48593
48600
48604
48606
48608
48609
48610
48611
48617
48621
48622
48623
48625
48627
48628
48631
48635
48643
48653
48663
48674
48677
48694
48706
48717
48724
48731
48740
48745
48748
48753
48767
48794
48810
48836
48840
48847
48910
49030
49033
49040
49047
49078
49084
49092
49100
49103
49136
49137
49144
49146
49147
49157
49160
49163
49166
49175
49182
49185
49201
49208
49209
49223
49228
49229
49232
49237
49240
49251
49252
49256
49265
49272
49300
49306
49314
49317
49335
49341
49342
49343
49344
49349
49350
49354
49356
49359
49380
49390
49398
49431
49451
49458
49463
49475
49497
49513
49521
49533
49537
49555
49560
49562
49570
49571
49573
49574
49583
49597
49600
49603
49605
49607
49610
49619
49632
49655
49668
49669
49672
49676
49694
49704
49706
49728
49741
49749
49786
49794
49795
49797
49798
49822
49838
49842
49847
49880
49896
49922
49924
49944
49950
49951
49962
49965
49988
49994
50001
50019
50046
50052
50053
50055
50057
50058
50059
50061
50062
50064
50074
50076
50079
50087
50092
50094
50100
50101
50109
50124
50125
50126
50127
50135
50140
50145
50156
50160
50165
50182
50185
50189
50193
50203
50210
50224
50232
50241
50245
50246
50269
50270
50272
50273
50292
50294
50308
50315
50323
50329
50332
50346
50362
50364
50369
50370
50387
50388
50396
50400
50406
50415
50426
50437
50440
50460
50474
50479
50485
50487
50498
50500
50502
50503
50513
50514
50522
50529
50534
50548
50552
50584
50594
50630
50639
50642
50656
50660
50667
50679
50680
50682
50692
50695
50698
50703
50706
50723
50731
50737
50742
50743
50748
50752
50753
50756
50766
50769
50772
50813
50821
50873
50875
50877
50881
50887
50890
50891
50907
50914
50927
50939
50940
50944
50953
50964
50965
50971
50981
50985
50991
50995
50996
51012
51013
51023
51039
51046
51055
51065
51073
51080
51081
51089
51093
51117
51153
51154
51158
51169
51174
51180
51183
51191
51194
51197
51198
51205
51210
51212
51218
51241
51244
51251
51257
51260
51270
51272
51280
51300
51302
51305
51307
51338
51356
51362
51370
51385
51387
51404
51417
51420
51427
51431
51432
51434
51441
51461
51493
51495
51510
51512
51532
51543
51544
51546
51552
51554
51560
51570
51572
51576
51581
51583
51585
51586
51588
51591
51592
51598
51604
51609
51610
51611
51624
51628
51629
51636
51640
51658
51674
51678
51679
51683
51685
51730
51732
51745
51760
51767
51770
51774
51781
51785
51792
51794
51809
51813
51817
51821
51825
51828
51831
51840
51844
51849
51861
51864
51866
51878
51890
51892
51900
51904
51914
51924
51933
51934
51940
51941
51942
51943
51945
51950
51956
51958
51963
51969
51978
51984
51987
51996
52002
52012
52022
52029
52030
52040
52041
52058
52080
52086
52109
52116
52119
52137
52147
52154
52156
52165
52170
52177
52181
52189
52195
52202
52207
52245
52278
52284
52299
52309
52319
52336
52346
52357
52359
52372
52375
52394
52399
52400
52401
52403
52406
52409
52413
52432
52435
52445
52460
52473
52481
52488
52494
52497
52509
52511
52515
52535
52536
52555
52562
52565
52570
52574
52597
52601
52615
52618
52623
52627
52628
52639
52648
52656
52657
52682
52684
52691
52693
52703
52704
52713
52738
52740
52743
52750
52757
52766
52770
52772
52780
52795
52796
52799
52809
52818
52819
52824
52827
52834
52841
52846
52857
52863
52865
52866
52873
52881
52883
52884
52889
52896
52902
52911
52916
52920
52927
52928
52929
52938
52944
52959
52982
52998
53003
53007
53010
53012
53014
53024
53031
53041
53056
53068
53070
53072
53077
53081
53083
53089
53093
53098
53101
53107
53109
53118
53124
53128
53132
53137
53140
53149
53150
53151
53152
53153
53157
53163
53172
53184
53187
53198
53200
53204
53250
53254
53259
53267
53271
53274
53275
53286
53292
53307
53316
53317
53348
53353
53363
53390
53403
53412
53414
53415
53421
53422
53430
53435
53445
53450
53457
53461
53469
53502
53525
53529
53532
53545
53556
53557
53561
53562
53565
53570
53571
53575
53576
53580
53585
53589
53594
53597
53611
53622
53636
53692
53704
53705
53707
53716
53722
53738
53765
53780
53786
53790
53803
53807
53819
53841
53845
53851
53859
53863
53874
53876
53893
53894
53899
53901
53915
53918
53938
53949
53951
53953
53964
53972
53975
53976
53985
53996
54002
54003
54011
54012
54018
54020
54025
54026
54071
54072
54079
54080
54088
54089
54096
54100
54104
54162
54164
54171
54172
54178
54192
54198
54204
54205
54209
54215
54240
54241
54252
54259
54265
54269
54278
54286
54302
54305
54309
54318
54329
54332
54341
54350
54359
54368
54377
54384
54386
54393
54403
54425
54432
54438
54443
54444
54447
54464
54467
54477
54487
54488
54491
54496
54501
54503
54508
54524
54531
54556
54559
54562
54587
54591
54614
54615
54619
54626
54652
54656
54659
54667
54670
54673
54675
54677
54682
54687
54696
54700
54705
54711
54718
54731
54734
54736
54742
54754
54763
54767
54787
54790
54803
54810
54811
54826
54837
54859
54880
54885
54891
54905
54910
54914
54941
54945
54956
54957
54963
54982
54986
55003
55032
55047
55048
55065
55069
55071
55072
55076
55077
55079
55091
55096
55099
55100
55109
55111
55123
55124
55125
55126
55128
55130
55134
55142
55143
55151
55155
55168
55176
55181
55187
55188
55194
55195
55206
55213
55225
55235
55240
55248
55251
55253
55258
55263
55267
55276
55280
55292
55294
55299
55325
55328
55335
55340
55348
55357
55366
55369
55372
55374
55375
55379
55380
55383
55385
55388
55392
55398
55400
55427
55432
55433
55438
55439
55440
55446
55447
55454
55457
55471
55480
55494
55498
55501
55513
55519
55527
55532
55552
55561
55571
55572
55586
55594
55597
55602
55609
55611
55615
55620
55623
55642
55644
55656
55664
55667
55671
55677
55689
55698
55709
55721
55728
55742
55745
55751
55754
55760
55770
55772
55773
55775
55779
55801
55807
55809
55834
55840
55848
55856
55861
55867
55872
55907
55912
55936
55939
55941
55959
55968
55969
55974
55975
55977
55979
55986
55994
56007
56023
56030
56035
56036
56041
56044
56045
56053
56060
56063
56070
56085
56090
56091
56100
56123
56134
56148
56155
56158
56160
56168
56181
56188
56204
56209
56219
56220
56242
56252
56259
56268
56278
56287
56290
56295
56307
56316
56318
56323
56324
56328
56336
56349
56375
56376
56551
56572
56624
56630
56646
56655
56670
56685
56690
56694
56708
56733
56734
56735
56742
56744
56749
56752
56756
56762
56774
56776
56779
56789
56791
56792
56796
56799
56802
56826
56837
56847
56864
56867
56871
56881
56890
56891
56894
56895
56896
56905
56913
56921
56944
56951
56952
56967
56969
56972
56975
56980
56987
57002
57006
57010
57013
57017
57023
57036
57041
57046
57049
57053
57055
57058
57062
57071
57077
57080
57084
57085
57087
57089
57091
57094
57100
57108
57109
57111
57112
57113
57117
57119
57124
57131
57133
57137
57146
57153
57159
57162
57165
57169
57177
57179
57180
57183
57191
57197
57200
57203
57205
57206
57207
57214
57218
57222
57226
57227
57230
57240
57246
57249
57253
57255
57258
57259
57280
57291
57298
57304
57323
57331
57336
57341
57343
57347
57397
57408
57415
57427
57433
57492
57496
57501
57506
57509
57513
57517
57519
57526
57528
57536
57542
57545
57552
57558
57567
57587
57592
57597
57603
57605
57612
57620
57625
57631
57633
57634
57641
57649
57657
57676
57677
57692
57697
57704
57708
57711
57715
57737
57750
57752
57770
57775
57783
57786
57806
57809
57822
57826
57827
57833
57842
57851
57858
57865
57868
57876
57888
57889
57925
57931
57936
57943
57947
57950
57958
57972
57974
57983
57988
58004
58010
58016
58032
58039
58058
58059
58074
58079
58084
58087
58104
58126
58180
58184
58190
58199
58207
58209
58211
58213
58214
58215
58228
58230
58232
58235
58242
58244
58251
58254
58262
58263
58283
58289
58291
58292
58297
58301
58304
58333
58336
58342
58347
58361
58377
58386
58391
58393
58397
58400
58401
58403
58409
58414
58420
58423
58424
58441
58443
58446
58462
58480
58484
58489
58501
58514
58521
58523
58524
58525
58531
58535
58549
58552
58554
58569
58572
58582
58609
58612
58614
58626
58631
58643
58649
58656
58659
58667
58681
58689
58698
58704
58708
58713
58715
58742
58765
58766
58772
58773
58786
58791
58794
58799
58804
58806
58816
58821
58829
58842
58853
58864
58865
58869
58874
58878
58879
58884
58890
58891
58892
58899
58903
58904
58921
58936
58939
58942
58948
58955
58960
58962
58966
58968
58969
58971
58975
58978
58980
58981
58984
58986
58990
58991
58996
58997
59002
59004
59009
59012
59014
59015
59017
59020
59023
59026
59029
59035
59039
59042
59048
59051
59058
59065
59069
59074
59078
59085
59089
59092
59097
59104
59110
59112
59116
59131
59138
59140
59141
59143
59144
59149
59157
59158
59163
59165
59174
59178
59183
59186
59188
59198
59203
59204
59210
59212
59215
59223
59227
59230
59231
59233
59234
59239
59241
59243
59252
59256
59261
59264
59268
59270
59275
59282
59292
59299
59301
59302
59307
59312
59314
59317
59322
59324
59334
59343
59347
59356
59359
59367
59371
59372
59373
59374
59377
59380
59388
59389
59391
59395
59398
59399
59404
59407
59409
59412
59414
59420
59421
59429
59437
59441
59445
59447
59457
59464
59470
59474
59479
59482
59484
59491
59500
59513
59514
59518
59521
59524
59534
59540
59554
59567
59581
59589
59590
59594
59595
59602
59605
59618
59619
59620
59621
59622
59629
59639
59642
59654
59658
59671
59676
59685
59693
59701
59702
59707
59714
59715
59718
59719
59725
59740
59742
59745
59753
59757
59762
59766
59772
59774
59779
59785
59787
59792
59797
59803
59813
59818
59823
59828
59831
59832
59836
59842
59854
59865
59869
59874
59886
59889
59890
59892
59898
59906
59909
59910
59917
59921
59925
59931
59936
59943
59950
59958
59962
59964
59968
59970
59978
59981
60007
60018
60021
60031
60050
60059
60082
60096
60105
60108
60137
60141
60171
60178
60180
60184
60186
60188
60191
60202
60217
60219
60224
60226
60231
60237
60239
60241
60247
60258
60260
60274
60281
60283
60284
60288
60294
60309
60323
60327
60328
60345
60347
60361
60393
60405
60408
60411
60412
60420
60423
60429
60439
60442
60447
60453
60456
60468
60477
60488
60489
60492
60498
60507
60516
60527
60529
60530
60536
60540
60549
60564
60566
60570
60578
60580
60585
60590
60593
60594
60621
60630
60642
60649
60658
60661
60663
60691
60694
60696
60703
60709
60714
60717
60722
60726
60730
60736
60743
60744
60750
60759
60768
60784
60789
60790
60798
60806
60812
60822
60831
60846
60848
60854
60859
60868
60877
60882
60900
60914
60925
60927
60947
60955
60960
60961
60988
60994
60995
61000
61009
61011
61025
61028
61029
61035
61038
61039
61042
61043
61047
61049
61062
61082
61086
61123
61140
61148
61156
61160
61161
61176
61177
61178
61185
61186
61187
61217
61220
61221
61222
61227
61228
61236
61238
61239
61260
61266
61279
61281
61305
61308
61313
61320
61327
61334
61363
61373
61375
61385
61387
61393
61395
61398
61402
61407
61412
61434
61437
61445
61449
61450
61452
61459
61467
61477
61488
61489
61494
61501
61509
61518
61523
61526
61545
61556
61560
61567
61574
61579
61590
61595
61596
61604
61607
61617
61623
61626
61630
61640
61645
61649
61655
61706
61715
61718
61720
61744
61746
61756
61758
61760
61762
61774
61779
61801
61817
61820
61874
61884
61889
61893
61909
61917
61926
61943
61949
61953
61955
61959
61980
61984
61995
62001
62004
62014
62017
62026
62029
62034
62040
62045
62052
62060
62073
62100
62103
62106
62112
62116
62117
62121
62130
62131
62133
62145
62148
62150
62153
62157
62160
62172
62184
62188
62189
62190
62194
62196
62205
62210
62211
62214
62215
62217
62218
62227
62229
62251
62257
62266
62270
62276
62284
62286
62308
62313
62320
62324
62327
62328
62331
62336
62344
62349
62355
62361
62373
62377
62380
62382
62383
62399
62406
62408
62417
62422
62427
62444
62465
62466
62468
62474
62479
62480
62486
62488
62490
62496
62503
62509
62510
62512
62515
62516
62519
62547
62551
62557
62564
62567
62595
62606
62609
62611
62633
62641
62644
62651
62655
62666
62672
62686
62688
62690
62705
62707
62717
62739
62747
62750
62758
62764
62765
62768
62779
62787
62788
62800
62812
62813
62817
62820
62826
62847
62849
62885
62906
62908
62915
62916
62921
62923
62926
62930
62939
62945
62948
62951
62952
62954
62959
62964
62966
62968
62972
62976
62979
62982
62986
62990
62993
63011
63014
63015
63018
63021
63022
63028
63033
63038
63042
63049
63055
63062
63066
63071
63075
63076
63099
63117
63126
63134
63140
63145
63150
63153
63159
63161
63164
63167
63169
63176
63181
63184
63201
63211
63217
63223
63230
63236
63242
63249
63256
63267
63268
63272
63278
63280
63284
63286
63297
63300
63303
63321
63337
63349
63352
63357
63369
63382
63391
63397
63399
63402
63426
63429
63441
63445
63451
63459
63465
63469
63493
63501
63516
63534
63546
63562
63565
63597
63603
63615
63619
63623
63624
63629
63630
63649
63656
63675
63678
63680
63686
63692
63706
63711
63719
63728
63729
63731
63734
63742
63743
63744
63748
63752
63755
63760
63769
63773
63784
63787
63789
63796
63798
63832
63864
63868
63888
63892
63907
63908
63912
63916
63917
63919
63942
63950
63962
63972
63982
63983
63988
63990
63996
64000
64002
64006
64016
64018
64026
64047
64052
64057
64062
64066
64071
64074
64078
64106
64112
64115
64117
64122
64128
64135
64144
64147
64153
64162
64176
64185
64192
64196
64200
64203
64204
64206
64208
64209
64215
64220
64228
64230
64232
64234
64236
64240
64241
64242
64244
64245
64251
64253
64272
64284
64287
64298
64304
64305
64306
64307
64310
64312
64313
64316
64319
64321
64324
64330
64332
64334
64337
64343
64347
64349
64353
64355
64356
64357
64359
64364
64374
64375
64390
64393
64396
64397
64399
64400
64401
64402
64404
64406
64407
64408
64410
64412
64413
64417
64418
64420
64425
64442
64450
64461
64465
64469
64480
64481
64484
64493
64495
64498
64510
64513
64519
64524
64526
64534
64537
64538
64543
64553
64561
64562
64570
64572
64575
64578
64581
64582
64586
64588
64589
64593
64605
64619
64622
64625
64633
64636
64637
64641
64659
64662
64668
64686
64695
64708
64717
64728
64746
64753
64754
64761
64775
64776
64777
64788
64790
64792
64805
64807
64812
64822
64824
64828
64829
64833
64841
64843
64845
64850
64854
64868
64874
64890
64895
64896
64899
64906
64922
64924
64927
64929
64931
64937
64942
64945
64950
64959
64969
64980
64981
64989
64990
65007
65010
65016
65024
65030
65031
65037
65045
65054
65059
65067
65085
65089
65094
65101
65109
65130
65134
65136
65143
65165
65665
65675
65689
65699
65702
65708
65713
65718
65741
65757
65762
65763
65769
65779
65783
65788
65800
65820
65826
65831
65835
65838
65840
65851
65862
65880
65881
65899
65907
65909
65923
65930
65941
65947
65950
65955
65959
65962
65963
65964
65965
65969
65979
65982
65998
66004
66007
66012
66023
66027
66033
66037
66039
66094
66096
66097
66107
66108
66115
66126
66127
66133
66142
66148
66150
66157
66174
66184
66187
66200
66202
66208
66209
66211
66214
66219
66225
66228
66234
66245
66247
66257
66259
66283
66291
66305
66312
66316
66318
66322
66327
66338
66344
66347
66356
66357
66359
66366
66374
66383
66388
66394
66398
66409
66417
66420
66428
66440
66449
66451
66460
66461
66475
66477
66488
66502
66513
66519
66532
66542
66558
66568
66571
66583
66589
66598
66613
66623
66631
66643
66652
66660
66674
66688
66698
66710
66717
66734
66757
66765
66785
66786
66788
66795
66804
66806
66811
66818
66819
66822
66833
66840
66845
66847
66854
66858
66859
66862
66869
66873
66874
66877
66879
66889
66896
66901
66902
66905
66911
66913
66916
66918
66922
66926
66931
66932
66937
66942
66944
66947
66952
66962
66963
66974
66980
66982
66983
66985
66988
66991
66997
67005
67010
67011
67022
67027
67029
67030
67034
67036
67039
67044
67048
67052
67055
67060
67080
67081
67084
67087
67091
67093
67094
67098
67100
67110
67116
67118
67120
67123
67132
67146
67150
67152
67162
67164
67168
67181
67182
67184
67194
67204
67208
67209
67212
67220
67222
67228
67230
67244
67245
67248
67256
67262
67280
67282
67285
67314
67317
67319
67323
67328
67336
67348
67349
67371
67374
67376
67380
67421
67427
67428
67431
67436
67446
67450
67455
67473
67481
67492
67494
67518
67522
67530
67533
67535
67541
67542
67553
67561
67569
67570
67574
67584
67590
67595
67601
67607
67621
67623
67626
67627
67632
67637
67638
67649
67666
67669
67675
67685
67686
67694
67698
67706
67717
67721
67726
67728
67733
67737
67743
67745
67746
67750
67756
67763
67774
67786
67795
67799
67800
67802
67804
67816
67822
67834
67839
67841
67843
67847
67849
67857
67863
67869
67874
67880
67887
67888
67889
67911
67920
67927
67932
67934
67940
67945
67964
67967
67971
67973
67975
67990
67997
67998
68002
68004
68007
68011
68012
68018
68022
68027
68031
68033
68036
68043
68049
68055
68060
68061
68070
68071
68093
68096
68108
68137
68139
68152
68157
68161
68166
68170
68178
68184
68219
68222
68226
68232
68238
68248
68249
68257
68270
68274
68295
68299
68305
68315
68321
68327
68334
68340
68345
68346
68371
68378
68387
68400
68403
68408
68416
68423
68431
68434
68436
68451
68462
68465
68468
68476
68478
68485
68489
68503
68508
68513
68514
68520
68540
68551
68553
68574
68575
68595
68599
68600
68605
68608
68611
68613
68614
68617
68627
68630
68645
68646
68647
68655
68656
68663
68664
68667
68680
68691
68700
68706
68710
68724
68734
68741
68744
68749
68774
68781
68785
68796
68804
68819
68822
68828
68840
68859
68867
68877
68903
68906
68910
68916
68919
68923
68942
68946
68961
68966
68975
68996
69010
69013
69027
69038
69040
69045
69050
69051
69061
69064
69067
69072
69082
69157
69161
69164
69172
69174
69224
69226
69230
69232
69247
69254
69263
69264
69265
69282
69290
69294
69303
69304
69305
69311
69316
69331
69337
69338
69345
69349
69357
69374
69397
69401
69450
69474
69489
69499
69538
69542
69549
69577
69582
69586
69597
69619
69625
69627
69631
69635
69637
69644
69659
69660
69669
69678
69684
69690
69701
69707
69708
69723
69727
69731
69747
69753
69755
69760
69773
69776
69794
69799
69806
69816
69817
69822
69860
69864
69875
69883
69901
69906
69927
69944
69957
69973
69990
70001
70009
70016
70022
70024
70030
70034
70041
70043
70052
70053
70057
70064
70068
70073
70074
70078
70082
70086
70089
70093
70103
70119
70120
70127
70143
70146
70147
70151
70163
70167
70169
70172
70178
70183
70192
70199
70232
70234
70258
70264
70274
70283
70292
70307
70310
70329
70337
70341
70350
70351
70357
70360
70362
70369
70376
70380
70384
70391
70399
70400
70401
70431
70437
70444
70450
70451
70461
70462
70467
70470
70477
70478
70483
70485
70490
70493
70496
70500
70516
70517
70544
70558
70576
70579
70580
70581
70587
70596
70602
70604
70605
70624
70630
70637
70639
70640
70643
70649
70656
70664
70670
70708
70710
70722
70728
70735
70736
70746
70752
70756
70762
70766
70772
70776
70789
70791
70792
70800
70804
70809
70814
70815
70823
70834
70836
70844
70847
70850
70856
70857
70859
70864
70867
70868
70873
70879
70882
70898
70902
70907
70908
70909
70938
70942
70947
70959
70971
70974
70976
70981
70984
70988
70994
71009
71014
71027
71048
71049
71052
71053
71054
71062
71071
71072
71079
71084
71094
71103
71124
71125
71132
71147
71162
71167
71171
71181
71182
71185
71208
71210
71213
71218
71220
71250
71256
71271
71273
71288
71289
71295
71302
71306
71310
71312
71313
71323
71332
71343
71347
71355
71362
71373
71393
71403
71408
71412
71416
71446
71452
71457
71462
71463
71471
71476
71494
71501
71509
71530
71532
71534
71535
71538
71542
71549
71566
71574
71582
71584
71598
71609
71616
71618
71623
71626
71652
71653
71657
71658
71659
71668
71682
71683
71687
71697
71706
71708
71721
71745
71759
71776
71777
71785
71788
71801
71803
71810
71811
71824
71827
71853
71855
71866
71877
71899
71906
71911
71914
71916
71924
71927
71932
71955
71959
71968
71975
71982
72001
72005
72010
72011
72012
72024
72030
72040
72045
72046
72058
72064
72068
72080
72085
72098
72103
72109
72114
72123
72127
72129
72132
72140
72144
72149
72154
72162
72165
72167
72172
72207
72216
72221
72222
72227
72231
72232
72233
72234
72235
72237
72240
72244
72245
72246
72247
72248
72249
72250
72252
72253
72255
72256
72258
72266
72271
72279
72282
72283
72299
72305
72310
72318
72319
72329
72337
72361
72366
72370
72389
72393
72395
72403
72405
72407
72415
72417
72419
72425
72427
72433
72439
72440
72443
72445
72446
72449
72451
72455
72457
72462
72472
72491
72499
72504
72507
72508
72511
72514
72517
72519
72525
72528
72534
72538
72541
72545
72546
72549
72552
72556
72564
72567
72568
72574
72576
72585
72592
72598
72603
72605
72608
72613
72619
72623
72624
72625
72627
72642
72645
72646
72649
72650
72651
72653
72655
72657
72659
72660
72661
72664
72665
72666
72667
72668
72672
72673
72674
72675
72676
72677
72680
72685
72687
72695
72703
72704
72710
72723
72731
72742
72745
72749
72757
72760
72763
72773
72790
72810
72821
72825
72841
72844
72858
72868
72871
72883
72885
72895
72908
72915
72923
72964
72987
72995
73023
73024
73042
73052
73061
73066
73073
73093
73101
73103
73128
73136
73142
73143
73145
73147
73161
73162
73168
73176
73181
73188
73191
73194
73198
73210
73218
73221
73232
73236
73240
73242
73257
73262
73281
73292
73296
73306
73317
73324
73326
73330
73331
73337
73338
73345
73348
73355
73362
73372
73379
73391
73394
73397
73404
73414
73420
73421
73438
73443
73455
73462
73466
73473
73476
73503
73508
73514
73524
73529
73536
73541
73547
73550
73558
73569
73578
73580
73581
73587
73594
73599
73618
73623
73628
73629
73638
73640
73643
73645
73676
73685
73696
73700
73711
73714
73718
73725
73736
73742
73743
73745
73751
73755
73768
73779
73787
73796
73805
73810
73818
73824
73847
73858
73863
73866
73880
73885
73887
73893
73900
73904
73909
73919
73920
73932
73936
73942
73948
73951
73955
73959
73961
74023
74033
74044
74046
74052
74055
74059
74066
74085
74129
74132
74134
74140
74141
74142
74143
74151
74160
74166
74176
74178
74179
74187
74205
74206
74209
74215
74217
74220
74241
74256
74258
74266
74272
74279
74289
74291
74298
74319
74322
74325
74334
74340
74360
74365
74366
74376
74383
74386
74390
74415
74446
74459
74466
74470
74483
74486
74493
74501
74504
74505
74536
74538
74547
74557
74565
74567
74574
74586
74590
74593
74605
74610
74615
74617
74623
74628
74637
74643
74650
74668
74674
74675
74676
74706
74720
74724
74738
74747
74756
74761
74768
74782
74786
74797
74799
74802
74804
74805
74808
74809
74833
74842
74847
74853
74857
74860
74867
74872
74905
74906
74907
74918
74921
74928
74936
74940
74944
74945
74954
74959
74970
74974
74978
74979
74984
74997
75015
75016
75031
75038
75042
75051
75059
75060
75066
75071
75072
75075
75076
75094
75104
75115
75120
75122
75130
75131
75137
75143
75153
75157
75162
75171
75178
75187
75188
75191
75198
75214
75224
75229
75237
75246
75261
75270
75279
75287
75296
75304
75305
75315
75327
75334
75344
75359
75366
75367
75370
75372
75373
75374
75379
75383
75393
75394
75395
75410
75417
75447
75448
75449
75452
75467
75476
75480
75486
75489
75513
75521
75562
75566
75570
75572
75586
75590
75594
75610
75613
75627
75630
75637
75640
75644
75653
75659
75694
75716
75765
75797
75832
75860
75879
75920
75961
75972
75989
75994
75997
75998
75999
76000
76006
76008
76011
76012
76016
76017
76018
76020
76021
76022
76024
76025
76026
76028
76031
76041
76044
76055
76071
76074
76084
76097
76111
76113
76120
76121
76124
76129
76133
76142
76145
76153
76157
76163
76170
76176
76181
76191
76194
76198
76201
76206
76207
76211
76214
76225
76228
76233
76251
76253
76261
76266
76267
76269
76275
76278
76283
76287
76293
76301
76304
76312
76319
76320
76328
76338
76344
76359
76370
76379
76381
76386
76391
76393
76397
76406
76412
76413
76415
76421
76426
76428
76432
76444
76447
76460
76472
76474
76485
76494
76514
76521
76538
76557
76567
76573
76580
76591
76592
76604
76608
76611
76612
76619
76627
76635
76644
76660
76671
76673
76677
76685
76686
76698
76704
76706
76709
76719
76725
76729
76732
76760
76762
76763
76764
76782
76792
76793
76794
76815
76836
76862
76872
76878
76880
76882
76932
76981
76984
77017
77018
77040
77041
77042
77044
77048
77054
77066
77067
77068
77070
77074
77087
77132
77149
77150
77153
77164
77169
77175
77185
77188
77191
77215
77222
77227
77233
77239
77242
77251
77262
77274
77304
77308
77318
77326
77331
77332
77336
77337
77338
77340
77347
77351
77353
77367
77370
77378
77379
77386
77388
77392
77393
77396
77410
77414
77417
77423
77431
77434
77444
77446
77451
77464
77466
77472
77474
77478
77481
77503
77527
77542
77546
77558
77595
77613
77619
77625
77636
77646
77654
77669
77670
77671
77675
77681
77705
77713
77752
77780
77797
77798
77799
77800
77803
77804
77806
77816
77826
77828
77836
77840
77851
77873
77881
77887
77890
77905
77914
77919
77929
77934
77940
77941
77949
77978
77980
77983
77987
77991
77996
78004
78005
78011
78046
78072
78084
78090
78098
78135
78141
78144
78149
78155
78156
78165
78169
78186
78199
78221
78229
78244
78253
78256
78278
78285
78286
78289
78291
78296
78303
78306
78315
78328
78337
78341
78355
78358
78364
78369
78376
78379
78382
78385
78391
78405
78410
78452
78459
78467
78471
78515
78518
78524
78525
78527
78533
78538
78542
78548
78591
78608
78610
78620
78621
78625
78626
78632
78648
78649
78665
78667
78675
78676
78681
78683
78691
78699
78708
78718
78735
78739
78745
78751
78752
78754
78763
78769
78773
78774
78788
78791
78799
78826
78829
78833
78843
78847
78854
78869
78870
78872
78873
78875
78887
78897
78903
78921
78928
78930
78935
78949
78952
78963
78970
78985
78994
78995
79050
79054
79063
79071
79084
79087
79090
79096
79099
79101
79111
79118
79119
79139
79141
79145
79147
79148
79156
79157
79172
79198
79209
79217
79218
79239
79248
79267
79279
79280
79283
79288
79295
79301
79302
79311
79313
79349
79355
79364
79365
79368
79381
79401
79406
79423
79454
79469
79472
79475
79486
79493
79500
79502
79507
79509
79515
79528
79530
79535
79544
79545
79547
79561
79564
79575
79586
79598
79614
79619
79639
79643
79644
79651
79662
79663
79667
79668
79671
79677
79682
79698
79703
79704
79726
79728
79729
79730
79740
79751
79754
79783
79790
79798
79805
79810
79835
79839
79840
79842
79843
79844
79877
79885
79890
79894
79898
79899
79913
79916
79928
79930
79934
79937
79941
79944
79952
79965
79970
79973
79974
79976
79979
79986
79998
80013
80019
80042
80054
80059
80076
80083
80091
80097
80120
80127
80128
80136
80138
80147
80153
80155
80162
80187
80204
80209
80212
80221
80233
80236
80239
80244
80247
80257
80261
80270
80274
80299
80302
80314
80315
80326
80335
80341
80399
80406
80410
80415
80423
80442
80446
80449
80461
80463
80471
80480
80487
80491
80501
80516
80520
80531
80539
80554
80555
80563
80570
80574
80590
80601
80610
80615
80621
80622
80631
80634
80655
80659
80660
80662
80683
80686
80687
80697
80714
80717
80735
80741
80772
80884
80893
80901
80937
80942
80954
80970
80981
80987
80990
81007
81021
81025
81052
81057
81059
81061
81062
81067
81137
81138
81143
81146
81154
81156
81164
81165
81186
81193
81199
81206
81209
81215
81220
81221
81224
81238
81246
81249
81256
81259
81267
81268
81269
81270
81271
81272
81275
81282
81285
81287
81289
81293
81301
81307
81308
81313
81315
81317
81320
81324
81342
81353
81362
81385
81410
81421
81426
81432
81439
81441
81454
81460
81462
81463
81469
81474
81480
81484
81495
81496
81502
81506
81515
81519
81523
81528
81531
81539
81544
81554
81587
81600
81611
81617
81629
81635
81647
81653
81659
81663
81668
81677
81678
81683
81692
81693
81705
81712
81716
81728
81737
81739
81747
81767
81771
81772
81779
81783
81784
81785
81812
81826
81832
81834
81843
81852
81854
81867
81877
81882
81898
81904
81910
81916
81917
81918
81920
81949
81952
81954
81973
81982
81983
81995
81999
82002
82019
82025
82034
82035
82049
82051
82074
82110
82117
82119
82120
82136
82137
82139
82158
82159
82160
82163
82204
82214
82215
82222
82227
82233
82235
82243
82253
82274
82280
82285
82300
82301
82305
82314
82323
82334
82345
82350
82359
82363
82371
82377
82381
82382
82384
82454
82455
82459
82463
82469
82483
82484
82487
82494
82500
82507
82513
82517
82524
82540
82555
82573
82584
82591
82592
82593
82605
82606
82608
82627
82628
82637
82645
82660
82666
82667
82672
82679
82681
82687
82708
82716
82719
82720
82740
82764
82777
82786
82789
82792
82802
82808
82819
82824
82826
82832
82845
82856
82864
82869
82874
82879
82880
82884
82892
82900
82902
82904
82906
82914
82922
82924
82951
82953
82966
82981
82991
82994
82999
83008
83009
83030
83031
83037
83038
83039
83052
83053
83056
83059
83061
83066
83071
83085
83090
83092
83103
83104
83111
83118
83120
83121
83136
83141
83151
83157
83161
83167
83174
83175
83180
83184
83188
83194
83198
83202
83210
83215
83228
83236
83243
83247
83253
83257
83261
83270
83271
83279
83281
83284
83286
83292
83322
83354
83357
83358
83366
83370
83373
83376
83381
83384
83416
83419
83423
83427
83434
83448
83452
83456
83465
83470
83471
83489
83498
83502
83509
83520
83534
83535
83536
83546
83552
83562
83565
83567
83575
83577
83581
83583
83590
83595
83601
83605
83607
83613
83614
83619
83623
83641
83657
83673
83686
83687
83689
83695
83699
83710
83711
83713
83714
83715
83723
83737
83739
83742
83744
83749
83763
83773
83778
83780
83785
83802
83811
83813
83815
83839
83843
83856
83859
83864
83915
83921
83930
83934
83948
83961
83968
83981
83991
83996
84012
84021
84026
84028
84054
84058
84059
84076
84095
84101
84107
84115
84125
84128
84139
84212
84213
84215
84223
84224
84236
84241
84249
84263
84265
84275
84289
84305
84312
84338
84354
84356
84369
84376
84393
84395
84401
84404
84412
84421
84442
84454
84465
84481
84486
84487
84492
84501
84506
84507
84514
84521
84534
84540
84553
84557
84569
84576
84579
84584
84587
84601
84605
84609
84615
84618
84646
84651
84652
84656
84668
84672
84679
84681
84701
84702
84707
84716
84724
84733
84739
84741
84754
84768
84771
84789
84805
84813
84815
84822
84843
84859
84870
84877
84883
84886
84890
84893
84899
84906
84910
84917
84921
84925
84929
84933
84945
84950
84962
84964
84966
84967
84978
84982
84992
85000
85005
85022
85059
85065
85077
85078
85086
85100
85133
85140
85160
85171
85191
85202
85215
85217
85220
85227
85230
85246
85263
85271
85278
85285
85297
85299
85310
85311
85324
85325
85340
85341
85357
85362
85365
85367
85389
85392
85399
85414
85417
85430
85431
85436
85442
85443
85451
85460
85461
85472
85477
85522
85524
85527
85530
85533
85541
85550
85551
85557
85558
85561
85563
85571
85579
85583
85584
85586
85593
85604
85613
85616
85617
85618
85619
85621
85627
85640
85642
85665
85674
85677
85678
85683
85689
85692
85704
85706
85711
85714
85722
85725
85732
85744
85750
85766
85769
85770
85778
85782
85785
85788
85794
85799
85805
85809
85811
85814
85815
85873
85917
85922
85925
85930
85957
85961
85966
85968
85986
85998
86007
86017
86029
86030
86034
86035
86036
86056
86058
86061
86064
86069
86070
86074
86075
86089
86109
86111
86118
86135
86136
86137
86139
86144
86148
86166
86167
86177
86187
86189
86204
86207
86217
86229
86235
86239
86245
86250
86254
86301
86333
86375
86420
86457
86487
86489
86490
86491
86492
86493
86495
86504
86555
86562
86566
86577
86585
86590
86605
86614
86621
86624
86634
86635
86636
86639
86650
86658
86664
86668
86669
86677
86683
86684
86693
86720
86722
86730
86732
86742
86746
86749
86755
86756
86757
86763
86802
86805
86810
86813
86817
86818
86823
86825
86849
86863
86869
86882
86883
86887
86891
86933
86936
86953
86981
86988
87001
87006
87009
87015
87020
87036
87037
87053
87055
87061
87065
87066
87068
87073
87076
87082
87089
87091
87095
87098
87104
87112
87117
87129
87141
87153
87156
87169
87176
87177
87178
87179
87180
87186
87189
87192
87195
87219
87223
87224
87238
87241
87257
87261
87263
87265
87267
87273
87275
87282
87285
87305
87308
87315
87320
87321
87329
87331
87341
87347
87379
87380
87395
87401
87403
87405
87413
87425
87428
87436
87441
87446
87452
87461
87467
87474
87513
87515
87523
87536
87543
87553
87558
87566
87577
87592
87600
87602
87603
87606
87618
87624
87625
87627
87630
87645
87646
87650
87655
87656
87673
87676
87677
87680
87684
87688
87689
87696
87711
87719
87723
87728
87731
87737
87738
87741
87758
87760
87762
87766
87777
87778
87779
87780
87790
87796
87802
87813
87815
87821
87824
87836
87862
87865
87870
87875
87876
87877
87889
87895
87898
87907
87913
87915
87928
87930
87941
87962
87965
87966
87970
87971
87973
87974
87975
87977
87980
87981
87988
87990
87995
87997
87998
87999
88016
88024
88028
88034
88038
88043
88054
88055
88060
88061
88072
88084
88091
88097
88100
88101
88105
88121
88136
88176
88185
88187
88203
88207
88213
88214
88216
88218
88225
88226
88227
88229
88233
88241
88249
88251
88257
88259
88267
88275
88288
88305
88306
88309
88315
88323
88330
88338
88355
88356
88374
88375
88380
88383
88384
88391
88397
88400
88401
88411
88412
88417
88426
88434
88441
88450
88456
88460
88468
88479
88485
88493
88495
88501
88503
88512
88521
88523
88527
88535
88563
88569
88571
88581
88587
88595
88596
88597
88599
88603
88604
88608
88612
88615
88627
88630
88646
88662
88670
88672
88677
88686
88689
88698
88704
88708
88714
88715
88717
88723
88725
88726
88727
88731
88734
88736
88737
88749
88755
88760
88767
88768
88773
88780
88793
88800
88817
88836
88845
88853
88858
88868
88877
88896
88897
88907
88925
88930
88939
88942
88946
88951
88968
88979
88984
88987
88996
89004
89007
89015
89028
89029
89033
89040
89041
89046
89054
89063
89069
89075
89086
89100
89102
89105
89107
89110
89113
89116
89117
89128
89129
89142
89144
89145
89148
89149
89166
89168
89173
89177
89179
89190
89200
89206
89215
89218
89229
89232
89238
89239
89246
89247
89259
89263
89271
89288
89294
89297
89300
89301
89307
89310
89325
89330
89333
89337
89339
89350
89356
89358
89359
89366
89368
89370
89374
89379
89383
89393
89399
89406
89411
89423
89434
89457
89463
89473
89476
89478
89485
89487
89489
89495
89499
89506
89518
89530
89533
89538
89543
89563
89571
89573
89575
89584
89585
89586
89594
89605
89622
89624
89625
89626
89629
89633
89641
89645
89653
89660
89663
89665
89666
89673
89677
89683
89688
89699
89706
89707
89712
89731
89746
89754
89762
89764
89767
89779
89803
89811
89821
89832
89840
89852
89866
89874
89884
89885
89887
89891
89895
89899
89903
89904
89914
89930
89932
89935
89936
89946
89971
89984
90006
90067
90083
90085
90117
90124
90125
90131
90156
90157
90168
90184
90192
90208
90216
90217
90223
90265
90275
90284
90291
90296
90299
90309
90313
90341
90346
90351
90363
90367
90382
90384
90385
90387
90391
90398
90405
90406
90411
90416
90424
90428
90429
90437
90460
90472
90482
90483
90493
90497
90506
90513
90515
90519
90521
90522
90606
90615
90629
90632
90634
90638
90643
90645
90669
90675
90684
90698
90702
90711
90723
90779
90789
90803
90810
90820
90850
90856
90862
90868
90872
90883
90904
90906
90923
90925
90926
90935
90940
90953
90994
90996
91014
91020
91023
91031
91034
91037
91041
91044
91057
91060
91062
91073
91074
91079
91080
91085
91086
91087
91089
91096
91098
91104
91111
91116
91118
91128
91133
91134
91137
91142
91147
91174
91189
91199
91204
91208
91209
91212
91215
91222
91227
91234
91242
91243
91256
91262
91270
91271
91279
91284
91292
91293
91304
91310
91311
91337
91343
91349
91364
91367
91371
91374
91393
91403
91407
91413
91421
91428
91448
91456
91484
91486
91487
91488
91502
91503
91515
91528
91534
91540
91577
91580
91591
91599
91638
91641
91657
91659
91665
91671
91672
91674
91678
91686
91690
91730
91736
91738
91742
91747
91751
91758
91765
91766
91770
91771
91777
91785
91786
91792
91799
91820
91821
91824
91825
91827
91830
91831
91835
91836
91849
91850
91859
91878
91886
91888
91892
91899
91913
91916
91927
91944
91947
91955
91965
91979
91982
92025
92029
92040
92063
92071
92073
92083
92087
92093
92098
92115
92118
92119
92129
92145
92157
92170
92176
92177
92187
92203
92210
92225
92226
92232
92235
92247
92251
92258
92263
92270
92281
92302
92306
92314
92315
92324
92330
92331
92333
92335
92339
92341
92346
92349
92353
92359
92371
92378
92407
92410
92412
92423
92432
92435
92436
92439
92457
92476
92479
92486
92509
92513
92519
92527
92534
92536
92573
92581
92583
92584
92587
92599
92602
92622
92624
92640
92649
92656
92671
92674
92675
92680
92685
92712
92718
92725
92734
92737
92743
92747
92754
92756
92760
92777
92789
92802
92813
92816
92821
92822
92824
92829
92830
92840
92841
92843
92846
92855
92859
92865
92888
92898
92899
92912
92917
92932
92933
92934
92935
92937
92938
92943
92959
92962
92964
92973
92978
92988
93003
93011
93026
93043
93045
93049
93051
93058
93061
93062
93068
93075
93078
93087
93096
93097
93100
93107
93119
93130
93136
93141
93142
93143
93165
93166
93167
93173
93180
93186
93190
93192
93204
93211
93221
93223
93243
93244
93245
93255
93270
93274
93275
93300
93314
93330
93336
93339
93343
93344
93346
93350
93358
93360
93371
93379
93391
93394
93400
93424
93432
93449
93457
93461
93464
93466
93483
93500
93512
93519
93525
93529
93538
93545
93549
93566
93570
93571
93573
93593
93598
93601
93616
93622
93656
93659
93661
93699
93710
93716
93718
93738
93741
93759
93764
93777
93781
93787
93791
93799
93806
93810
93815
93819
93823
93848
93849
93863
93866
93880
93884
93896
93898
93919
93928
93949
93972
93976
93990
93993
93998
94000
94010
94017
94021
94026
94044
94056
94060
94072
94080
94087
94090
94094
94097
94098
94109
94126
94127
94133
94135
94136
94142
94145
94157
94159
94161
94165
94166
94174
94181
94198
94206
94209
94212
94221
94226
94230
94237
94243
94245
94249
94250
94260
94273
94277
94285
94288
94289
94294
94304
94319
94332
94335
94338
94340
94357
94359
94367
94371
94376
94380
94384
94387
94391
94395
94424
94425
94430
94432
94441
94447
94457
94463
94470
94478
94498
94534
94544
94547
94569
94570
94584
94586
94591
94600
94609
94610
94621
94633
94665
94667
94671
94681
94689
94690
94693
94697
94716
94719
94721
94733
94738
94743
94745
94752
94753
94762
94765
94768
94769
94773
94778
94785
94791
94792
94796
94808
94814
94828
94837
94839
94850
94851
94853
94854
94855
94862
94875
94894
94906
94911
94919
94920
94921
94925
94928
94933
94941
94953
94957
94964
94972
94976
94988
95003
95014
95017
95025
95038
95039
95040
95042
95045
95047
95050
95054
95055
95058
95072
95081
95085
95091
95096
95106
95109
95143
95152
95156
95160
95173
95180
95185
95196
95209
95217
95231
95246
95264
95272
95276
95277
95300
95301
95304
95305
95311
95314
95318
95320
95326
95330
95332
95335
95343
95344
95345
95348
95349
95350
95351
95357
95364
95369
95374
95402
95407
95411
95414
95424
95430
95437
95438
95443
95450
95454
95460
95463
95466
95468
95473
95486
95490
95504
95507
95521
95524
95528
95539
95549
95551
95558
95569
95578
95581
95583
95589
95594
95595
95597
95598
95609
95614
95619
95622
95626
95632
95646
95648
95651
95652
95665
95666
95669
95671
95687
95692
95706
95709
95713
95720
95722
95730
95744
95756
95763
95765
95778
95779
95788
95793
95794
95795
95799
95801
95840
95844
95849
95853
95856
95873
95884
95892
95909
95923
95931
95938
95939
95944
95945
95949
95950
95956
95960
95973
95978
95982
95994
95997
95998
96005
96008
96010
96012
96013
96016
96018
96026
96028
96038
96042
96045
96056
96059
96064
96070
96072
96073
96087
96089
96094
96097
96099
96106
96108
96111
96117
96125
96169
96198
96205
96209
96210
96217
96218
96223
96232
96238
96247
96251
96258
96262
96339
96348
96358
96379
96380
96382
96393
96397
96404
96406
96416
96421
96423
96428
96431
96435
96446
96452
96455
96456
96458
96462
96465
96470
96473
96475
96493
96502
96506
96517
96519
96520
96521
96536
96541
96694
96696
96706
96710
96711
96737
96742
96744
96751
96758
96766
96771
96786
96788
96795
96800
96833
96846
96876
96895
96902
96904
96908
96909
96911
96915
96919
96932
96942
96943
96957
96965
96972
96974
96981
96987
97000
97007
97012
97019
97025
97032
97035
97041
97045
97047
97050
97051
97054
97056
97059
97061
97071
97080
97081
97082
97087
97103
97111
97119
97121
97131
97138
97146
97177
97180
97182
97188
97224
97226
97239
97242
97245
97248
97251
97252
97254
97256
97258
97269
97271
97279
97298
97301
97305
97321
97322
97327
97330
97335
97342
97346
97351
97355
97367
97371
97372
97375
97378
97381
97385
97389
97392
97394
97399
97403
97407
97412
97418
97430
97432
97438
97443
97448
97451
97457
97467
97474
97475
97479
97483
97486
97494
97499
97510
97523
97526
97530
97531
97532
97535
97541
97556
97561
97564
97578
97592
97595
97600
97619
97628
97636
97649
97659
97671
97678
97683
97686
97689
97695
97697
97699
97700
97710
97711
97715
97724
97728
97731
97747
97763
97767
97785
97797
97802
97805
97821
97823
97826
97840
97841
97843
97844
97851
97858
97863
97866
97869
97874
97879
97880
97896
97905
97918
97923
97927
97938
97943
97952
97977
97979
97981
97991
97994
97997
98000
98023
98030
98035
98042
98044
98045
98046
98053
98066
98076
98089
98114
98122
98132
98134
98136
98140
98146
98164
98169
98172
98182
98183
98196
98197
98198
98223
98227
98234
98236
98282
98289
98293
98294
98302
98303
98309
98315
98323
98335
98337
98347
98350
98352
98356
98364
98376
98382
98384
98394
98403
98406
98409
98413
98416
98422
98425
98429
98430
98432
98433
98440
98443
98446
98452
98459
98460
98464
98473
98504
98507
98508
98518
98520
98532
98534
98540
98544
98547
98572
98575
98582
98584
98594
98596
98604
98634
98641
98665
98668
98673
98680
98689
98703
98711
98717
98723
98732
98733
98734
98742
98749
98760
98767
98774
98779
98786
98820
98829
98830
98832
98875
98887
98888
98890
98898
98921
98923
98947
98953
98960
98961
98963
98968
98973
98978
99002
99012
99014
99023
99025
99029
99031
99034
99036
99038
99040
99046
99049
99053
99060
99062
99066
99070
99078
99085
99088
99089
99092
99096
99102
99130
99137
99142
99143
99146
99148
99150
99153
99157
99158
99167
99177
99179
99186
99202
99206
99207
99210
99211
99216
99220
99223
99234
99239
99243
99249
99252
99254
99257
99260
99280
99287
99293
99298
99303
99305
99310
99328
99329
99332
99346
99349
99357
99358
99363
99364
99365
99367
99373
99374
99378
99384
99386
99388
99393
99396
99400
99403
99406
99409
99414
99429
99432
99435
99444
99456
99462
99465
99470
99474
99475
99479
99483
99495
99499
99507
99513
99515
99517
99543
99568
99578
99579
99584
99588
99601
99618
99621
99622
99641
99643
99652
99658
99659
99663
99668
99669
99670
99681
99682
99684
99685
99690
99695
99702
99710
99718
99721
99724
99731
99736
99749
99754
99768
99773
99778
99781
99788
99793
99802
99805
99810
99812
99813
99822
99823
99830
99844
99847
99883
99887
99900
99905
99911
99912
99935
99942
99947
99949
99951
99962
99967
99970
99971
99972
99980
99981
99983
99992
99998
100001
100003
100006
100011
100014
100016
100019
100020
100021
100025
100032
100040
100044
100046
100052
100054
100055
100066
100069
100073
100077
100078
100079
100086
100088
100095
100104
100107
100110
100112
100117
100119
100123
100128
100138
100141
100149
100152
100153
100160
100165
100171
100174
100176
100180
100183
100185
100187
100188
100195
100201
100208
100214
100219
100220
100221
100226
100232
100233
100234
100238
100251
100255
100261
100265
100268
100270
100272
100275
100276
100280
100283
100286
100292
100294
100304
100312
100315
100317
100328
100329
100332
100334
100336
100337
100341
100343
100348
100350
100364
100370
100376
100384
100387
100398
100400
100403
100409
100415
100426
100431
100434
100442
100452
100460
100466
100467
100481
100483
100488
100493
100497
100504
100516
100521
100532
100539
100547
100560
100575
100579
100582
100592
100604
100611
100613
100615
100617
100618
100622
100623
100624
100629
100638
100644
100649
100662
100673
100688
100696
100712
100733
100745
100748
100749
100757
100764
100765
100771
100775
100780
100782
100787
100801
100809
100811
100813
100820
100823
100824
100827
100833
100834
100842
100843
100850
100856
100863
100871
100879
100889
100890
100898
100901
100914
100924
100927
100931
100947
100949
100953
100956
100970
100971
100974
100975
100977
100983
100985
101000
101004
101014
101016
101023
101027
101045
101050
101052
101058
101069
101097
101102
101107
101112
101114
101116
101118
101126
101128
101141
101142
101155
101158
101162
101176
101199
101201
101209
101224
101231
101253
101264
101279
101290
101291
101299
101303
101310
101311
101322
101330
101333
101335
101336
101337
101338
101342
101347
101349
101360
101364
101369
101376
101385
101392
101397
101413
101416
101422
101423
101425
101432
101433
101434
101437
101438
101439
101442
101443
101448
101452
101458
101462
101463
101469
101473
101481
101486
101498
101499
101502
101515
101520
101526
101531
101535
101544
101555
101565
101566
101570
101572
101584
101592
101597
101600
101617
101627
101629
101630
101632
101633
101635
101641
101646
101652
101658
101661
101666
101667
101669
101670
101685
101686
101694
101696
101709
101714
101726
101728
101755
101763
101776
101780
101847
101853
101857
101862
101874
101876
101877
101881
101890
101894
101900
101920
101921
101925
101932
101943
101951
101957
101961
101966
101974
101977
101987
102007
102015
102035
102038
102043
102045
102050
102052
102055
102074
102081
102084
102099
102113
102125
102129
102137
102145
102151
102154
102164
102180
102188
102200
102203
102216
102230
102236
102247
102251
102256
102266
102274
102279
102282
102284
102288
102294
102296
102301
102303
102307
102310
102314
102322
102332
102348
102359
102369
102381
102387
102398
102406
102409
102415
102418
102422
102425
102427
102431
102434
102437
102438
102439
102440
102441
102442
102444
102445
102446
102448
102450
102452
102453
102455
102457
102474
102475
102477
102495
102501
102503
102505
102527
102531
102532
102537
102538
102539
102550
102559
102563
102572
102584
102585
102588
102589
102591
102594
102597
102600
102605
102613
102652
102667
102669
102675
102678
102683
102686
102688
102690
102693
102695
102702
102717
102730
102736
102742
102748
102782
102787
102793
102800
102815
102821
102823
102841
102844
102850
102853
102854
102855
102862
102876
102877
102882
102899
102904
102910
102921
102923
102926
102948
102949
102950
102955
102958
102960
102966
102970
102980
102992
103002
103009
103010
103029
103035
103037
103039
103048
103057
103062
103070
103072
103078
103082
103086
103088
103099
103104
103107
103112
103113
103118
103120
103123
103127
103131
103134
103142
103171
103175
103176
103180
103189
103207
103211
103242
103246
103258
103266
103268
103277
103278
103280
103287
103296
103310
103313
103317
103321
103324
103326
103327
103328
103332
103338
103340
103342
103348
103353
103398
103404
103408
103428
103464
103479
103483
103496
103511
103513
103515
103546
103567
103572
103573
103611
103638
103644
103645
103646
103651
103663
103668
103674
103676
103695
103698
103700
103705
103710
103743
103748
103756
103760
103762
103764
103765
103769
103781
103802
103813
103820
103824
103828
103835
103859
103865
103866
103869
103870
103876
103878
103880
103882
103899
103903
103904
103915
103918
103940
103950
103955
103967
103968
103977
103982
103985
103988
103991
103997
103998
104016
104019
104023
104044
104046
104061
104062
104077
104086
104090
104093
104107
104121
104124
104125
104126
104142
104153
104160
104161
104175
104181
104186
104188
104190
104191
104193
104198
104202
104211
104212
104217
104222
104235
104240
104242
104243
104251
104262
104266
104273
104283
104289
104294
104300
104303
104311
104316
104318
104324
104327
104328
104332
104333
104335
104342
104343
104356
104366
104368
104390
104398
104399
104402
104409
104417
104422
104425
104431
104433
104437
104449
104452
104453
104461
104462
104465
104466
104472
104474
104479
104482
104486
104489
104494
104497
104502
104511
104523
104524
104536
104544
104546
104560
104564
104567
104577
104582
104593
104599
104605
104620
104623
104628
104636
104638
104640
104646
104649
104650
104655
104666
104667
104668
104670
104672
104673
104679
104683
104689
104693
104694
104697
104698
104707
104708
104725
104728
104730
104737
104763
104764
104765
104770
104773
104780
104781
104783
104785
104788
104791
104801
104807
104816
104819
104823
104824
104825
104826
104830
104834
104860
104872
104881
104884
104899
104901
104902
104910
104920
104922
104926
104946
104948
104959
104971
104974
104979
104984
104988
104990
105021
105029
105031
105037
105042
105053
105059
105063
105069
105070
105071
105100
105104
105133
105144
105148
105150
105155
105162
105164
105169
105176
105180
105192
105199
105210
105212
105233
105236
105237
105242
105248
105250
105258
105267
105274
105277
105278
105283
105286
105293
105306
105315
105318
105319
105334
105341
105343
105348
105359
105365
105369
105371
105385
105387
105394
105410
105413
105426
105433
105437
105442
105444
105449
105463
105483
105486
105497
105513
105514
105519
105520
105521
105526
105540
105544
105551
105560
105568
105569
105572
105584
105590
105600
105605
105609
105626
105627
105631
105634
105645
105648
105649
105651
105654
105678
105679
105687
105689
105691
105696
105699
105706
105712
105713
105715
105720
105727
105730
105747
105748
105751
105760
105767
105778
105785
105796
105807
105808
105814
105827
105831
105833
105838
105873
105887
105898
105902
105905
105917
105922
105925
105928
105929
105938
105947
105967
105980
105981
105987
105990
105991
105998
106003
106008
106015
106017
106018
106026
106033
106045
106046
106050
106051
106052
106055
106060
106061
106065
106069
106073
106081
106093
106096
106104
106113
106114
106143
106147
106148
106149
106153
106158
106175
106177
106193
106209
106222
106226
106230
106233
106241
106264
106275
106284
106295
106303
106307
106312
106320
106322
106323
106330
106331
106332
106342
106345
106362
106377
106380
106382
106383
106389
106390
106403
106408
106410
106429
106451
106454
106455
106470
106476
106479
106483
106489
106490
106492
106499
106506
106513
106515
106522
106528
106531
106544
106555
106559
106575
106576
106583
106592
106599
106609
106610
106611
106617
106620
106623
106624
106625
106633
106637
106638
106653
106660
106664
106671
106675
106680
106704
106714
106727
106735
106736
106742
106747
106758
106766
106773
106806
106808
106822
106826
106827
106830
106831
106832
106848
106852
106856
106869
106871
106879
106888
106896
106905
106921
106940
106961
106975
106985
106987
107008
107021
107035
107072
107077
107087
107103
107108
107113
107117
107121
107136
107139
107152
107155
107156
107160
107171
107176
107224
107228
107229
107235
107248
107259
107265
107266
107271
107275
107280
107281
107288
107296
107298
107299
107300
107304
107314
107318
107324
107328
107338
107339
107358
107360
107362
107387
107389
107398
107423
107432
107441
107443
107444
107445
107452
107468
107471
107473
107479
107483
107491
107494
107503
107505
107509
107511
107512
107513
107515
107521
107522
107524
107525
107526
107529
107539
107541
107544
107549
107556
107562
107563
107567
107569
107572
107574
107575
107576
107578
107583
107592
107602
107604
107605
107607
107609
107611
107614
107624
107628
107629
107643
107649
107654
107658
107660
107664
107674
107676
107677
107679
107683
107685
107686
107687
107690
107691
107692
107693
107696
107701
107704
107706
107736
107770
107772
107773
107774
107788
107802
107803
107810
107819
107823
107824
107828
107834
107836
107875
107877
107878
107879
107880
107888
107891
107899
107901
107903
107907
107911
107919
107937
107938
107941
107946
107950
107951
107954
107959
107978
107981
107983
107984
107986
107987
107988
107990
107995
107996
108012
108015
108016
108021
108030
108031
108036
108038
108050
108057
108060
108064
108065
108069
108071
108072
108073
108074
108078
108079
108081
108082
108083
108085
108089
108100
108106
108110
108115
108118
108121
108125
108128
108131
108139
108145
108147
108150
108153
108157
108161
108174
108178
108180
108183
108186
108191
108192
108198
108199
108201
108210
108217
108220
108221
108222
108226
108227
108228
108230
108231
108232
108236
108245
108246
108249
108251
108253
108255
108256
108261
108263
108264
108265
108266
108268
108269
108274
108278
108280
108281
108282
108285
108286
108288
108289
108290
108291
108305
108308
108309
108315
108318
108319
108326
108329
108337
108341
108344
108347
108348
108359
108360
108361
108365
108366
108378
108391
108395
108404
108405
108409
108410
108413
108415
108418
108421
108424
108427
108428
108434
108435
108436
108446
108448
108450
108456
108460
108464
108469
108470
108471
108477
108482
108485
108501
108503
108504
108505
108510
108511
108512
108513
108515
108521
108524
108525
108531
108532
108535
108537
108539
108542
108548
108555
108558
108560
108566
108567
108574
108586
108590
108599
108603
108616
108620
108621
108622
108624
108634
108637
108638
108642
108644
108649
108661
108662
108665
108674
108676
108678
108680
108684
108685
108695
108700
108701
108702
108704
108709
108712
108715
108719
108720
108722
108724
108725
108727
108729
108730
108733
108734
108736
108737
108738
108740
108743
108746
108750
108756
108757
108760
108761
108767
108775
108777
108780
108781
108791
108800
108801
108805
108806
108807
108811
108852
108853
108854
108855
108858
108859
108862
108865
108874
108877
108878
108880
108881
108882
108884
108889
108895
108904
108908
108911
108912
108914
108917
108918
108925
108926
108927
108930
108939
108943
108949
108957
108959
108965
108966
108967
108975
108984
108985
108989
108991
108993
108994
108995
109007
109013
109016
109020
109024
109028
109035
109047
109050
109051
109052
109061
109066
109072
109076
109081
109091
109099
109104
109109
109110
109113
109115
109125
109128
109129
109132
109133
109134
109152
109153
109155
109162
109163
109167
109172
109174
109177
109181
109182
109184
109186
109188
109189
109190
109194
109200
109205
109210
109212
109213
109217
109218
109220
109222
109223
109224
109226
109227
109228
109229
109244
109245
109253
109257
109258
109260
109261
109263
109264
109266
109312
109313
109314
109318
109355
109359
109363
109364
109367
109370
109410
109412
109415
109437
109440
109456
109457
109458
109459
109460
109461
109462
109513
109548
109552
109564
109566
109580
109618
109626
109629
109632
109708
109731
109732
109789
